3.393 7.607 -5.080 0.057 0.003 0.004 65498.000 65438.000 65534.000
3.493 7.747 -5.261 0.003 0.031 0.015 65498.000 65438.000 65534.000
3.439 7.748 -5.291 0.006 0.037 0.023 65498.000 65438.000 0.000
3.336 7.722 -5.213 0.015 0.046 0.030 65498.000 65438.000 0.000
3.250 7.728 -5.135 0.017 0.041 0.030 65498.000 65438.000 0.000
3.284 7.821 -5.178 0.014 0.006 0.019 65498.000 65438.000 0.000
3.268 7.744 -5.250 0.014 0.009 0.011 65498.000 65438.000 0.000
3.312 7.720 -5.307 0.009 0.009 0.008 65498.000 65442.000 0.000
3.456 7.778 -5.194 0.020 0.011 0.014 65498.000 65442.000 0.000
3.429 7.680 -5.298 0.006 0.027 0.004 65498.000 65442.000 0.000
3.282 7.753 -5.176 0.008 0.020 0.015 65498.000 65442.000 0.000
3.378 7.790 -5.130 0.013 0.005 0.016 65498.000 65442.000 0.000
3.378 7.808 -5.113 0.024 0.000 0.016 65498.000 65442.000 65534.000
3.433 7.855 -5.164 0.058 0.024 0.014 65498.000 65442.000 65534.000
3.384 7.834 -5.165 0.100 0.069 0.008 65498.000 65442.000 65534.000
3.427 7.955 -5.197 0.123 0.097 0.013 65498.000 65442.000 65534.000
3.490 8.079 -5.335 0.182 0.112 0.022 65498.000 65446.000 4.000
3.558 8.201 -5.183 0.194 0.128 0.056 65498.000 65446.000 4.000
3.622 8.129 -4.999 0.174 0.140 0.072 65498.000 65446.000 4.000
3.593 8.225 -5.220 0.225 0.152 0.066 65498.000 65446.000 4.000
3.549 8.271 -5.299 0.300 0.161 0.061 65498.000 65446.000 4.000
3.588 8.323 -5.219 0.306 0.177 0.073 65501.000 65439.000 65535.000
3.533 8.378 -5.131 0.325 0.202 0.093 65501.000 65439.000 65535.000
3.558 8.438 -5.123 0.365 0.204 0.109 65501.000 65439.000 65535.000
3.647 8.523 -5.006 0.357 0.195 0.133 65501.000 65439.000 65535.000
3.675 8.689 -4.972 0.376 0.158 0.145 65501.000 65439.000 65535.000
3.458 8.508 -4.775 0.490 0.084 0.129 65495.000 65437.000 9.000
3.379 8.356 -4.602 0.461 0.029 0.155 65495.000 65437.000 9.000
3.256 8.725 -4.772 0.422 0.040 0.179 65495.000 65437.000 9.000
3.305 8.657 -4.714 0.603 0.125 0.177 65495.000 65437.000 9.000
2.956 8.549 -4.510 0.692 0.156 0.248 65495.000 65437.000 9.000
3.026 8.501 -4.399 0.613 0.161 0.328 65500.000 65444.000 2.000
3.117 8.775 -4.162 0.585 0.193 0.343 65500.000 65444.000 2.000
3.076 8.956 -3.997 0.680 0.220 0.373 65500.000 65444.000 2.000
2.944 9.107 -3.993 0.786 0.239 0.421 65500.000 65444.000 2.000
3.076 8.898 -3.969 0.845 0.288 0.465 65500.000 65444.000 2.000
2.879 9.027 -3.801 0.848 0.342 0.484 65488.000 65442.000 65534.000
2.683 9.269 -3.687 0.922 0.389 0.541 65488.000 65442.000 65534.000
2.729 9.436 -3.705 0.990 0.435 0.577 65488.000 65442.000 65534.000
2.685 9.345 -3.573 0.979 0.469 0.597 65488.000 65442.000 65534.000
2.472 9.378 -3.411 0.996 0.526 0.632 65488.000 65442.000 65534.000
2.339 9.528 -3.185 -1.099 0.619 0.668 65480.000 65442.000 6.000
2.278 9.619 -2.804 -1.184 0.675 0.656 65480.000 65442.000 6.000
2.179 9.412 -2.662 -1.182 0.677 0.613 65480.000 65442.000 6.000
2.059 9.567 -2.700 -1.166 0.738 0.594 65480.000 65442.000 6.000
1.566 10.108 -2.749 -1.192 0.772 0.616 65480.000 65442.000 6.000
1.194 10.169 -2.452 -1.281 0.775 0.703 65470.000 65456.000 6.000
1.186 9.603 -1.914 -1.386 0.750 0.711 65470.000 65456.000 6.000
0.697 9.271 -1.793 -1.438 0.591 0.658 65470.000 65456.000 6.000
0.100 9.403 -1.593 -1.399 0.508 0.693 65470.000 65456.000 6.000
0.000 8.937 0.961 -1.369 0.613 0.716 65470.000 65456.000 6.000
0.141 8.584 0.840 -1.277 0.542 0.641 65465.000 65457.000 7.000
0.811 9.155 -1.021 -1.110 0.385 0.579 65465.000 65457.000 7.000
0.550 8.789 0.853 -1.060 0.523 0.568 65465.000 65457.000 7.000
0.654 8.744 0.451 0.998 0.667 0.543 65465.000 65457.000 7.000
-1.113 9.072 0.269 0.945 0.688 0.533 65465.000 65457.000 7.000
-1.634 8.686 0.207 0.913 0.687 0.548 65444.000 65468.000 10.000
-1.644 8.762 0.252 0.715 0.743 0.493 65444.000 65468.000 10.000
-1.935 9.623 0.260 0.492 0.653 0.421 65444.000 65468.000 10.000
-2.045 9.921 0.579 0.544 0.581 0.361 65444.000 65468.000 10.000
-1.531 9.281 0.846 0.692 0.560 0.309 65441.000 65473.000 15.000
-1.634 9.401 1.101 0.692 0.556 0.302 65441.000 65473.000 15.000
-1.825 9.180 1.331 0.667 0.516 0.299 65441.000 65473.000 15.000
-2.019 8.898 1.546 0.600 0.448 0.273 65441.000 65473.000 15.000
-1.825 8.461 1.754 0.552 0.423 0.255 65441.000 65473.000 15.000
-1.440 8.938 2.115 0.470 0.457 0.203 65438.000 65478.000 18.000
-1.713 9.204 2.043 0.469 0.423 0.118 65438.000 65478.000 18.000
-1.916 9.457 1.895 0.529 0.433 0.075 65438.000 65478.000 18.000
-1.640 9.112 2.092 0.610 0.465 0.120 65438.000 65478.000 18.000
-1.404 9.235 2.122 0.578 0.458 0.140 65438.000 65478.000 18.000
-1.540 9.464 2.214 0.517 0.346 0.047 65436.000 65476.000 22.000
-2.214 8.706 2.021 0.565 0.221 0.022 65436.000 65476.000 22.000
-2.269 8.501 2.366 0.396 0.281 0.085 65436.000 65476.000 22.000
-2.062 8.683 2.638 0.244 0.337 0.100 65436.000 65476.000 22.000
-2.106 9.079 2.726 0.184 0.310 0.088 65436.000 65476.000 22.000
-1.936 9.315 2.643 0.186 0.322 0.100 65440.000 65478.000 22.000
-2.001 9.012 2.572 0.231 0.289 0.097 65440.000 65478.000 22.000
-1.765 8.908 2.674 0.177 0.334 0.068 65440.000 65478.000 22.000
-1.438 9.346 2.743 0.122 0.330 0.045 65440.000 65478.000 22.000
-1.394 9.674 2.364 0.110 0.220 0.027 65440.000 65478.000 22.000
-1.386 9.767 2.005 0.080 0.174 0.007 65434.000 65484.000 20.000
0.905 9.261 1.471 0.006 0.225 0.028 65434.000 65484.000 20.000
0.019 8.186 1.335 0.088 0.259 0.131 65434.000 65484.000 20.000
0.597 7.937 1.499 0.357 0.120 0.269 65434.000 65484.000 20.000
1.101 8.486 1.994 0.634 0.077 0.381 65434.000 65484.000 20.000
0.972 8.908 1.954 0.659 0.347 0.408 65437.000 65483.000 27.000
0.952 9.047 1.628 0.623 0.443 0.332 65437.000 65483.000 27.000
0.007 9.536 1.684 0.612 0.563 0.306 65437.000 65483.000 27.000
-1.279 9.932 2.178 0.458 0.555 0.295 65437.000 65483.000 27.000
-1.136 10.602 2.161 0.300 0.221 0.208 65437.000 65483.000 27.000
0.310 10.674 1.740 0.095 0.028 0.085 65434.000 65480.000 16.000
0.529 9.848 2.286 0.088 0.155 0.065 65434.000 65480.000 16.000
0.052 9.791 2.115 0.031 0.152 0.060 65434.000 65480.000 16.000
0.630 10.053 2.378 0.027 0.168 0.048 65434.000 65480.000 16.000
0.843 9.763 2.245 0.053 0.227 0.029 65434.000 65480.000 16.000
0.386 9.423 2.364 0.109 0.306 0.125 65437.000 65479.000 21.000
0.361 9.573 2.396 0.073 0.317 0.172 65437.000 65479.000 21.000
0.863 9.536 2.430 0.138 0.249 0.159 65437.000 65479.000 21.000
1.155 9.254 2.310 0.216 0.182 0.117 65437.000 65479.000 21.000
1.229 9.311 2.298 0.190 0.150 0.047 65437.000 65479.000 21.000
1.101 9.543 2.173 0.157 0.140 0.010 65439.000 65481.000 21.000
0.845 9.676 2.177 0.207 0.161 0.035 65439.000 65481.000 21.000
0.584 9.297 2.317 0.281 0.207 0.033 65439.000 65481.000 21.000
0.204 9.555 2.050 0.211 0.245 0.027 65439.000 65481.000 21.000
0.259 9.934 1.960 0.154 0.346 0.021 65439.000 65481.000 21.000
0.131 9.668 1.990 0.246 0.380 0.038 65442.000 65482.000 20.000
-1.347 9.264 1.539 0.284 0.275 0.054 65442.000 65482.000 20.000
-2.428 8.706 1.189 0.160 0.262 0.015 65442.000 65482.000 20.000
-2.562 7.807 1.091 0.042 0.378 0.083 65442.000 65482.000 20.000
-2.682 8.398 1.741 0.201 0.347 0.185 65442.000 65482.000 20.000
-2.448 10.299 2.765 0.405 0.285 0.272 65439.000 65483.000 21.000
-1.371 11.279 3.190 0.165 0.326 0.324 65439.000 65483.000 21.000
0.526 10.758 3.251 0.179 0.255 0.329 65439.000 65483.000 21.000
0.600 9.868 3.269 0.302 0.109 0.258 65439.000 65483.000 21.000
-1.237 9.800 3.120 0.247 0.020 0.170 65439.000 65483.000 21.000
-2.036 9.448 2.968 0.256 0.027 0.145 65433.000 65479.000 15.000
-1.904 8.514 3.059 0.344 0.201 0.195 65433.000 65479.000 15.000
-1.738 8.024 2.687 0.338 0.283 0.230 65433.000 65479.000 15.000
-1.570 8.214 2.699 0.247 0.261 0.232 65433.000 65479.000 15.000
-1.267 8.779 2.931 0.173 0.213 0.195 65433.000 65479.000 15.000
-1.495 8.676 2.996 0.286 0.113 0.108 65436.000 65484.000 18.000
-1.929 8.819 2.820 0.328 0.062 0.042 65436.000 65484.000 18.000
-2.364 9.249 2.451 0.286 0.048 0.012 65436.000 65484.000 18.000
-2.346 8.792 2.838 0.301 0.174 0.005 65436.000 65484.000 18.000
-1.989 9.094 2.693 0.206 0.309 0.003 65436.000 65484.000 18.000
-1.819 9.543 2.579 0.112 0.359 0.005 65435.000 65491.000 23.000
-1.624 9.087 2.525 0.122 0.437 0.002 65435.000 65491.000 23.000
-1.169 8.900 2.703 0.030 0.544 0.016 65435.000 65491.000 23.000
-1.098 8.856 2.556 0.113 0.528 0.049 65435.000 65491.000 23.000
-1.183 8.491 2.488 0.153 0.575 0.075 65435.000 65491.000 23.000
0.963 8.136 2.730 0.153 0.660 0.083 65434.000 65486.000 26.000
-1.300 8.491 2.876 0.203 0.536 0.082 65434.000 65486.000 26.000
-1.748 9.259 2.898 0.257 0.417 0.053 65434.000 65486.000 26.000
-1.510 9.358 2.887 0.165 0.433 0.013 65434.000 65486.000 26.000
0.988 9.185 2.734 0.088 0.415 0.012 65434.000 65486.000 26.000
0.696 9.275 2.437 0.148 0.337 0.046 65430.000 65496.000 18.000
0.754 9.141 2.333 0.202 0.340 0.096 65430.000 65496.000 18.000
-1.102 8.566 2.377 0.209 0.386 0.117 65430.000 65496.000 18.000
-1.471 8.550 2.437 0.318 0.444 0.112 65430.000 65496.000 18.000
-1.651 8.699 2.479 0.384 0.499 0.100 65430.000 65496.000 18.000
-1.351 8.816 2.426 0.411 0.553 0.089 65437.000 65491.000 17.000
0.931 9.053 2.506 0.420 0.541 0.113 65437.000 65491.000 17.000
0.616 8.968 2.136 0.393 0.488 0.196 65437.000 65491.000 17.000
0.602 8.554 1.830 0.376 0.428 0.334 65437.000 65491.000 17.000
0.798 8.429 1.977 0.466 0.412 0.448 65437.000 65491.000 17.000
-1.165 8.372 1.932 0.558 0.438 0.516 65437.000 65497.000 11.000
-1.332 8.125 1.765 0.634 0.526 0.566 65437.000 65497.000 11.000
0.851 8.121 1.815 0.755 0.590 0.645 65437.000 65497.000 11.000
0.192 8.073 1.684 0.788 0.575 0.768 65437.000 65497.000 11.000
0.545 7.322 1.016 0.750 0.432 0.925 65437.000 65497.000 11.000
0.023 6.038 0.243 0.942 0.286 1.073 65434.000 65492.000 8.000
0.336 5.713 0.433 1.463 0.315 1.210 65434.000 65492.000 8.000
1.000 6.174 0.021 1.834 0.186 1.367 65434.000 65492.000 8.000
1.206 5.895 0.430 1.811 0.061 1.456 65434.000 65492.000 8.000
1.152 6.434 0.642 1.786 0.179 1.412 65434.000 65492.000 8.000
0.001 6.749 -3.059 1.442 0.157 1.278 65443.000 65481.000 65531.000
0.142 5.481 -2.965 1.388 0.612 1.010 65443.000 65481.000 65531.000
2.248 5.948 -1.300 2.115 -1.318 0.907 65443.000 65481.000 65531.000
2.029 7.776 -3.363 2.520 0.726 1.162 65443.000 65481.000 65531.000
2.941 9.141 -3.017 2.348 0.479 1.162 65443.000 65481.000 65531.000
5.521 9.583 -3.242 2.048 0.836 1.002 65470.000 65474.000 65520.000
4.620 9.824 -2.118 2.410 0.682 0.986 65470.000 65474.000 65520.000
3.191 8.792 -2.149 2.550 0.439 1.018 65470.000 65474.000 65520.000
2.148 6.914 -2.758 2.281 0.178 1.089 65470.000 65474.000 65520.000
3.143 7.977 -5.038 2.254 0.226 1.006 65470.000 65474.000 65520.000
4.404 10.395 -5.676 2.289 0.297 0.892 65483.000 65477.000 65509.000
6.246 9.485 -3.964 2.226 0.377 0.807 65483.000 65477.000 65509.000
4.417 8.641 -3.885 2.300 0.165 0.901 65483.000 65477.000 65509.000
3.860 8.547 -5.820 2.212 0.323 1.020 65483.000 65477.000 65509.000
3.875 7.890 -5.582 1.914 0.405 1.016 65483.000 65477.000 65509.000
2.493 8.783 -5.729 1.871 0.591 0.944 65513.000 65483.000 65501.000
3.365 7.872 -4.595 1.782 0.466 0.782 65513.000 65483.000 65501.000
3.657 7.127 -5.437 1.564 0.737 0.656 65513.000 65483.000 65501.000
4.655 7.104 -6.184 1.351 0.871 0.533 65513.000 65483.000 65501.000
4.594 6.603 -6.392 1.102 0.970 0.402 65513.000 65483.000 65501.000
4.390 6.621 -5.755 1.069 0.986 0.381 65532.000 65484.000 65506.000
4.195 6.991 -5.773 0.998 1.055 0.302 65532.000 65484.000 65506.000
4.753 6.113 -6.276 0.624 0.935 0.134 65532.000 65484.000 65506.000
5.485 6.932 -8.547 0.374 0.890 0.019 65532.000 65484.000 65506.000
6.246 8.550 -9.412 0.116 0.852 0.155 65532.000 65484.000 65506.000
9.911 7.429 -6.160 0.060 0.524 0.511 10.000 65484.000 65516.000
7.062 6.877 -10.020 0.104 0.902 0.904 10.000 65484.000 65516.000
7.393 6.285 -8.157 0.526 0.720 -1.367 10.000 65484.000 65516.000
4.921 5.596 -7.529 0.510 0.752 -1.839 10.000 65484.000 65516.000
4.326 4.802 -4.909 0.489 0.579 -2.052 10.000 65484.000 65516.000
8.046 5.887 -7.648 -1.024 0.267 -2.080 18.000 65480.000 65520.000
11.417 4.295 -3.766 -1.380 0.477 -2.123 18.000 65480.000 65520.000
6.566 3.715 -4.781 -1.214 1.594 -1.953 18.000 65480.000 65520.000
3.414 3.058 -5.425 -1.279 1.987 -1.797 18.000 65480.000 65520.000
2.003 4.957 -4.539 0.989 1.774 -1.835 18.000 65480.000 65520.000
2.061 5.805 -4.746 0.937 1.506 -2.006 11.000 65473.000 65529.000
2.082 7.727 -5.281 0.998 1.309 -2.073 11.000 65473.000 65529.000
5.011 8.275 -1.783 -1.065 0.690 -2.014 11.000 65473.000 65529.000
6.312 9.485 -4.210 -1.257 0.847 -1.625 11.000 65473.000 65529.000
6.161 8.974 -2.527 -1.477 1.059 -1.006 11.000 65473.000 65529.000
0.405 8.394 -3.216 -1.376 1.853 0.749 3.000 65461.000 7.000
-2.953 10.515 -5.570 -1.442 1.421 0.768 3.000 65461.000 7.000
2.023 7.228 -2.946 -1.601 0.092 -1.117 3.000 65461.000 7.000
2.068 7.497 -2.375 -1.283 0.311 -1.076 3.000 65461.000 7.000
7.667 5.480 -6.175 -2.363 0.406 0.565 3.000 65461.000 7.000
9.406 0.058 0.967 -2.832 0.092 0.405 65533.000 65455.000 19.000
0.039 0.599 0.337 -1.367 1.916 1.577 65533.000 65455.000 19.000
0.888 7.699 -4.728 0.790 1.069 1.584 65533.000 65455.000 19.000
6.757 7.006 0.502 -1.185 0.079 1.420 65533.000 65455.000 19.000
12.003 8.895 1.489 -1.128 0.456 2.346 65534.000 65442.000 22.000
14.208 12.925 0.870 0.913 0.011 2.933 65534.000 65442.000 22.000
12.446 15.537 1.866 -1.072 0.770 3.363 65534.000 65442.000 22.000
9.970 17.067 5.826 -1.088 0.898 3.673 65534.000 65442.000 22.000
14.258 17.161 7.720 -1.147 0.212 3.533 65534.000 65442.000 22.000
18.012 15.136 6.658 -1.724 0.340 2.765 26.000 65448.000 28.000
12.545 8.268 5.135 -1.792 0.697 2.061 26.000 65448.000 28.000
11.694 6.239 1.798 -1.583 -1.231 2.199 26.000 65448.000 28.000
14.973 1.113 3.784 -1.752 -1.720 2.184 26.000 65448.000 28.000
10.991 0.416 3.724 -1.485 -1.101 2.248 26.000 65448.000 28.000
7.763 0.269 3.247 0.819 0.735 1.963 56.000 65462.000 36.000
4.077 0.711 0.626 0.675 0.303 1.549 56.000 65462.000 36.000
4.325 0.132 0.038 0.638 0.474 1.092 56.000 65462.000 36.000
5.781 -1.673 0.530 0.813 0.588 0.696 56.000 65462.000 36.000
7.147 -1.916 0.490 0.883 0.583 0.554 56.000 65462.000 36.000
11.189 -1.052 2.645 0.772 0.647 0.486 61.000 65463.000 21.000
13.327 0.705 3.034 0.623 0.247 0.334 61.000 65463.000 21.000
12.017 0.210 3.258 0.126 0.236 0.216 61.000 65463.000 21.000
10.007 1.082 2.596 0.198 0.321 0.249 61.000 65463.000 21.000
9.317 1.452 0.708 0.044 0.106 0.338 61.000 65463.000 21.000
11.052 0.415 0.617 0.017 0.029 0.260 67.000 65471.000 11.000
10.680 0.837 0.033 0.149 0.017 0.104 67.000 65471.000 11.000
9.659 2.170 0.026 0.135 0.108 0.035 67.000 65471.000 11.000
9.800 2.632 0.181 0.023 0.351 0.063 67.000 65471.000 11.000
9.868 2.470 0.914 0.065 0.482 0.223 70.000 65470.000 8.000
10.014 2.772 0.596 0.100 0.494 0.291 70.000 65470.000 8.000
10.232 2.740 0.606 0.178 0.427 0.292 70.000 65470.000 8.000
9.878 2.223 0.846 0.123 0.288 0.297 70.000 65470.000 8.000
8.890 2.703 0.772 0.049 0.102 0.318 70.000 65470.000 8.000
7.850 2.802 0.116 0.049 0.058 0.340 72.000 65480.000 6.000
8.917 2.020 0.233 0.166 0.041 0.425 72.000 65480.000 6.000
9.975 2.280 0.641 0.008 0.156 0.511 72.000 65480.000 6.000
9.630 3.333 0.578 0.126 0.418 0.549 72.000 65480.000 6.000
9.601 3.605 0.093 0.021 0.617 0.541 72.000 65480.000 6.000
10.129 3.286 0.318 0.029 0.700 0.507 66.000 65470.000 6.000
10.573 3.828 0.452 0.171 0.926 0.464 66.000 65470.000 6.000
9.999 3.628 0.391 0.057 1.166 0.456 66.000 65470.000 6.000
9.112 2.920 0.079 0.147 1.169 0.569 66.000 65470.000 6.000
9.148 3.980 0.994 0.482 1.192 0.615 66.000 65470.000 6.000
10.198 4.829 0.709 0.447 1.306 0.614 65.000 65471.000 13.000
10.529 3.967 0.653 0.287 1.352 0.612 65.000 65471.000 13.000
9.368 3.936 1.569 0.656 1.362 0.658 65.000 65471.000 13.000
8.237 4.468 1.915 0.803 1.413 0.740 65.000 65471.000 13.000
7.963 4.805 2.048 0.666 1.404 0.849 65.000 65471.000 13.000
8.809 4.454 2.902 0.625 1.147 0.902 59.000 65459.000 19.000
8.620 4.194 3.463 0.763 1.072 0.871 59.000 65459.000 19.000
8.359 4.225 2.372 0.800 1.132 0.894 59.000 65459.000 19.000
8.494 3.764 3.076 0.837 1.158 0.881 59.000 65459.000 19.000
7.558 3.840 3.415 0.989 1.316 0.899 59.000 65459.000 19.000
6.295 5.032 3.028 1.091 1.345 0.856 53.000 65453.000 33.000
5.485 6.470 3.598 1.076 1.287 0.882 53.000 65453.000 33.000
5.843 6.098 4.491 0.918 1.154 -1.013 53.000 65453.000 33.000
5.899 4.994 4.276 0.873 0.954 -1.144 53.000 65453.000 33.000
5.347 5.282 3.191 0.917 0.685 -1.156 53.000 65453.000 33.000
5.209 6.777 3.250 0.950 0.697 -1.041 44.000 65454.000 48.000
6.175 6.408 4.164 0.864 0.786 0.994 44.000 65454.000 48.000
5.377 5.764 4.319 0.987 0.743 -1.132 44.000 65454.000 48.000
3.323 6.730 2.627 1.000 0.640 -1.130 44.000 65454.000 48.000
3.373 6.454 2.287 0.926 0.522 -1.107 44.000 65454.000 48.000
4.282 6.725 2.959 1.111 0.609 -1.109 28.000 65450.000 62.000
3.521 7.581 3.715 1.186 0.741 -1.023 28.000 65450.000 62.000
2.579 8.700 3.373 1.174 0.615 -1.014 28.000 65450.000 62.000
2.947 9.008 3.098 1.222 0.469 -1.128 28.000 65450.000 62.000
2.986 8.402 3.110 1.225 0.591 -1.253 28.000 65450.000 62.000
3.027 8.147 3.258 1.224 0.480 -1.258 24.000 65448.000 60.000
1.994 8.555 3.257 1.354 0.329 -1.259 24.000 65448.000 60.000
2.533 9.170 2.996 1.402 0.103 -1.385 24.000 65448.000 60.000
3.433 8.772 2.967 1.386 0.003 -1.361 24.000 65448.000 60.000
2.267 8.331 2.555 1.454 0.027 -1.304 24.000 65448.000 60.000
2.290 9.112 3.331 1.586 0.161 -1.366 16.000 65448.000 62.000
2.474 10.036 3.846 1.501 0.067 -1.384 16.000 65448.000 62.000
3.301 12.020 4.185 1.285 0.263 -1.476 16.000 65448.000 62.000
3.531 13.414 3.207 0.983 0.329 -1.504 16.000 65448.000 62.000
3.264 12.236 0.989 0.740 0.037 -1.431 16.000 65448.000 62.000
3.120 9.167 -2.991 0.979 0.911 -1.304 6.000 65456.000 62.000
5.239 9.235 0.238 1.609 -1.353 -1.127 6.000 65456.000 62.000
4.510 12.094 -2.661 1.663 0.771 0.941 6.000 65456.000 62.000
3.306 12.465 -4.015 0.784 0.628 0.694 6.000 65456.000 62.000
0.432 10.611 -2.659 0.380 0.273 0.424 6.000 65456.000 62.000
-1.878 9.962 -3.944 0.508 0.347 0.013 65533.000 65463.000 55.000
0.144 10.272 -5.245 0.685 -1.046 0.176 65533.000 65463.000 55.000
1.043 9.911 -3.199 0.906 -1.281 0.179 65533.000 65463.000 55.000
0.274 9.937 -2.262 1.115 0.946 0.308 65533.000 65463.000 55.000
0.263 10.651 -3.102 1.356 -1.071 0.503 65533.000 65463.000 55.000
1.766 10.845 -3.661 1.579 -1.185 0.650 65525.000 65467.000 43.000
2.811 10.436 -4.463 1.522 -1.126 0.903 65525.000 65467.000 43.000
3.365 9.507 -4.747 1.603 0.934 1.166 65525.000 65467.000 43.000
3.268 10.198 -8.650 1.821 0.798 1.471 65525.000 65467.000 43.000
2.176 12.922 -7.621 2.331 0.345 1.546 65525.000 65467.000 43.000
0.908 14.231 -4.819 2.138 0.108 1.429 65515.000 65473.000 29.000
0.201 12.701 -7.352 1.029 0.330 1.212 65515.000 65473.000 29.000
-1.097 11.276 -6.461 0.836 0.354 0.892 65515.000 65473.000 29.000
0.551 10.775 -5.834 0.862 0.429 0.559 65515.000 65473.000 29.000
-1.197 10.977 -8.000 0.694 0.666 0.411 65515.000 65473.000 29.000
-1.057 11.123 -7.509 0.715 -1.049 0.246 65519.000 65469.000 19.000
0.578 10.329 -6.003 0.610 -1.215 0.358 65519.000 65469.000 19.000
0.002 10.617 -5.866 0.491 -1.128 0.468 65519.000 65469.000 19.000
0.395 11.383 -6.415 0.388 -1.070 0.383 65519.000 65469.000 19.000
0.703 11.146 -7.044 0.192 -1.235 0.138 65519.000 65469.000 19.000
0.560 10.583 -7.262 0.055 -1.301 0.043 65512.000 65466.000 6.000
0.620 10.898 -6.429 0.021 -1.241 0.088 65512.000 65466.000 6.000
1.523 10.879 -5.280 0.064 -1.019 0.060 65512.000 65466.000 6.000
1.841 9.746 -5.407 0.412 0.737 0.009 65512.000 65466.000 6.000
1.459 9.282 -6.277 0.751 0.405 0.154 65512.000 65466.000 6.000
0.697 9.211 -5.559 0.807 0.155 0.231 65513.000 65471.000 65531.000
0.770 8.113 -4.472 0.859 0.108 0.102 65513.000 65471.000 65531.000
0.700 6.853 -4.273 -1.103 0.099 0.037 65513.000 65471.000 65531.000
0.706 6.979 -4.198 -1.124 0.071 0.030 65513.000 65471.000 65531.000
1.058 6.940 -3.426 -1.103 0.040 0.017 65513.000 65471.000 65531.000
1.156 5.922 -3.213 -1.309 0.062 0.026 65503.000 65463.000 65527.000
1.235 5.580 -3.266 -1.399 0.180 0.053 65503.000 65463.000 65527.000
1.187 5.607 -3.293 -1.309 0.296 0.060 65503.000 65463.000 65527.000
1.076 6.080 -2.788 -1.255 0.323 0.086 65503.000 65463.000 65527.000
0.707 6.054 -2.461 -1.303 0.296 0.183 65503.000 65463.000 65527.000
0.778 5.764 -2.091 -1.398 0.181 0.294 65498.000 65460.000 65526.000
0.307 5.985 -2.802 -1.494 0.274 0.318 65498.000 65460.000 65526.000
0.286 6.157 -2.315 -1.400 0.254 0.334 65498.000 65460.000 65526.000
0.800 6.222 -2.050 -1.228 0.128 0.382 65498.000 65460.000 65526.000
1.246 6.168 -1.928 -1.257 0.108 0.348 65498.000 65460.000 65526.000
1.411 6.269 -1.832 -1.227 0.143 0.303 65480.000 65462.000 65530.000
1.165 5.807 -1.408 -1.133 0.222 0.314 65480.000 65462.000 65530.000
1.024 5.876 -1.301 0.997 0.152 0.300 65480.000 65462.000 65530.000
0.713 6.645 -1.482 0.991 0.092 0.294 65480.000 65462.000 65530.000
0.246 7.032 -1.742 -1.063 0.110 0.333 65480.000 65462.000 65530.000
0.635 6.657 -1.580 -1.074 0.040 0.442 65467.000 65457.000 3.000
1.549 6.871 0.960 0.972 0.242 0.502 65467.000 65457.000 3.000
1.422 7.566 0.410 0.826 0.169 0.460 65467.000 65457.000 3.000
1.235 8.487 0.535 0.688 0.090 0.433 65467.000 65457.000 3.000
1.796 9.345 0.482 0.618 0.148 0.439 65467.000 65457.000 3.000
1.660 9.826 0.560 0.682 0.078 0.383 65461.000 65465.000 5.000
1.035 9.660 0.328 0.780 0.091 0.301 65461.000 65465.000 5.000
0.934 9.370 0.251 0.781 0.256 0.268 65461.000 65465.000 5.000
0.538 9.706 0.511 0.730 0.379 0.276 65461.000 65465.000 5.000
0.135 10.108 0.360 0.673 0.479 0.326 65461.000 65465.000 5.000
0.258 9.849 0.226 0.645 0.638 0.377 65456.000 65468.000 10.000
0.105 9.290 0.324 0.588 0.729 0.359 65456.000 65468.000 10.000
0.120 9.349 0.277 0.498 0.664 0.316 65456.000 65468.000 10.000
0.794 9.278 0.065 0.523 0.669 0.314 65456.000 65468.000 10.000
0.952 8.797 0.153 0.611 0.832 0.353 65456.000 65468.000 10.000
-1.551 8.686 0.307 0.558 0.990 0.325 65451.000 65469.000 17.000
-2.697 9.210 0.557 0.438 -1.053 0.270 65451.000 65469.000 17.000
-3.035 10.036 0.532 0.349 -1.261 0.316 65451.000 65469.000 17.000
-1.836 10.629 0.720 0.366 -1.420 0.354 65451.000 65469.000 17.000
0.526 10.773 2.042 0.404 -1.164 0.323 65451.000 65469.000 17.000
0.463 10.588 2.029 0.458 0.668 0.278 65442.000 65476.000 16.000
0.450 9.728 2.111 0.579 0.295 0.178 65442.000 65476.000 16.000
-1.084 8.647 2.036 0.536 0.084 0.098 65442.000 65476.000 16.000
-1.701 8.168 1.956 0.370 0.124 0.059 65442.000 65476.000 16.000
-2.093 8.249 1.885 0.205 0.244 0.070 65442.000 65476.000 16.000
-2.158 8.649 1.912 0.118 0.307 0.146 65444.000 65478.000 16.000
-1.750 8.792 1.857 0.163 0.326 0.258 65444.000 65478.000 16.000
-1.272 9.083 1.741 0.217 0.275 0.290 65444.000 65478.000 16.000
0.989 8.979 1.691 0.268 0.115 0.219 65444.000 65478.000 16.000
0.805 8.929 1.774 0.218 0.031 0.083 65444.000 65478.000 16.000
-1.128 9.421 1.939 0.091 0.126 0.044 65435.000 65483.000 13.000
-1.340 9.527 2.094 0.143 0.114 0.115 65435.000 65483.000 13.000
-1.519 9.196 2.039 0.233 0.088 0.126 65435.000 65483.000 13.000
-1.229 9.411 1.942 0.191 0.051 0.116 65435.000 65483.000 13.000
-1.292 9.730 2.005 0.148 0.069 0.110 65435.000 65483.000 13.000
-1.535 9.730 1.750 0.109 0.041 0.100 65443.000 65485.000 11.000
-1.556 9.410 1.213 0.003 0.067 0.080 65443.000 65485.000 11.000
-1.419 9.063 1.130 0.103 0.181 0.070 65443.000 65485.000 11.000
-1.296 9.070 1.569 0.219 0.289 0.065 65443.000 65485.000 11.000
0.992 9.240 1.663 0.235 0.315 0.069 65443.000 65485.000 11.000
-1.195 9.148 1.777 0.168 0.216 0.068 65438.000 65486.000 16.000
-1.715 9.002 1.662 0.138 0.133 0.035 65438.000 65486.000 16.000
-1.776 8.991 1.460 0.140 0.151 0.003 65438.000 65486.000 16.000
-1.811 9.300 1.504 0.157 0.152 0.025 65438.000 65486.000 16.000
-1.847 9.634 1.687 0.169 0.153 0.051 65438.000 65486.000 16.000
-1.741 9.841 1.625 0.117 0.209 0.057 65439.000 65487.000 9.000
-1.437 9.318 1.954 0.034 0.273 0.022 65439.000 65487.000 9.000
-1.484 9.434 1.872 0.130 0.255 0.021 65439.000 65487.000 9.000
-1.769 9.557 1.504 0.119 0.278 0.001 65439.000 65487.000 9.000
-1.437 9.002 1.485 0.079 0.415 0.027 65439.000 65487.000 9.000
-1.186 8.681 1.446 0.186 0.378 0.078 65440.000 65484.000 16.000
-1.466 9.020 1.319 0.354 0.297 0.085 65440.000 65484.000 16.000
-1.511 9.476 1.347 0.388 0.387 0.099 65440.000 65484.000 16.000
-1.478 9.436 1.395 0.296 0.449 0.161 65440.000 65484.000 16.000
-1.315 8.936 1.233 0.290 0.565 0.233 65443.000 65483.000 11.000
-1.069 9.004 1.148 0.387 0.608 0.293 65443.000 65483.000 11.000
-1.130 8.840 0.785 0.476 0.561 0.369 65443.000 65483.000 11.000
-1.089 8.699 0.708 0.576 0.601 0.418 65443.000 65483.000 11.000
0.787 8.853 0.679 0.644 0.641 0.497 65443.000 65483.000 11.000
0.621 8.760 0.548 0.642 0.601 0.614 65442.000 65488.000 4.000
0.545 8.547 0.464 0.724 0.535 0.713 65442.000 65488.000 4.000
0.554 8.558 0.122 0.823 0.509 0.803 65442.000 65488.000 4.000
0.080 7.886 0.332 0.841 0.555 0.895 65442.000 65488.000 4.000
0.266 7.131 0.527 0.953 0.506 0.995 65442.000 65488.000 4.000
0.573 6.637 0.922 1.224 0.392 1.128 65449.000 65489.000 1.000
0.805 6.597 -1.476 1.489 0.246 1.256 65449.000 65489.000 1.000
0.487 6.461 -1.331 1.588 0.006 1.334 65449.000 65489.000 1.000
0.277 6.460 -2.036 1.462 0.104 1.284 65449.000 65489.000 1.000
0.654 5.177 -2.454 1.345 0.137 1.143 65449.000 65489.000 1.000
0.991 3.801 -2.112 1.641 0.263 1.159 65456.000 65484.000 65530.000
1.449 4.089 -2.048 2.156 0.122 1.298 65456.000 65484.000 65530.000
0.936 7.568 -3.799 2.253 0.331 1.425 65456.000 65484.000 65530.000
1.545 8.165 -3.211 1.693 0.061 1.287 65456.000 65484.000 65530.000
4.295 7.244 -2.196 1.724 0.645 1.119 65456.000 65484.000 65530.000
2.618 8.401 -3.646 2.180 0.116 1.130 65473.000 65469.000 65519.000
1.709 8.368 -2.885 2.094 0.136 1.232 65473.000 65469.000 65519.000
2.780 8.036 -3.622 1.948 0.041 1.199 65473.000 65469.000 65519.000
3.669 9.003 -5.046 2.136 0.069 1.049 65473.000 65469.000 65519.000
3.931 9.914 -4.639 2.261 0.202 1.059 65473.000 65469.000 65519.000
4.171 8.255 -3.875 1.966 0.389 1.084 65498.000 65474.000 65508.000
2.782 7.182 -5.124 1.801 0.692 1.043 65498.000 65474.000 65508.000
2.996 8.000 -6.143 1.934 0.713 0.854 65498.000 65474.000 65508.000
3.139 9.873 -6.530 1.952 0.725 0.732 65498.000 65474.000 65508.000
3.477 8.780 -3.973 1.664 0.718 0.580 65498.000 65474.000 65508.000
3.106 6.661 -3.260 1.366 0.804 0.441 65522.000 65478.000 65514.000
3.133 6.801 -6.271 1.109 0.799 0.391 65522.000 65478.000 65514.000
3.745 6.594 -5.359 1.003 0.899 0.345 65522.000 65478.000 65514.000
3.397 6.393 -3.904 1.240 1.115 0.150 65522.000 65478.000 65514.000
3.184 6.400 -4.058 0.977 1.233 0.126 65522.000 65478.000 65514.000
4.305 5.778 -5.846 0.388 1.153 0.224 6.000 65472.000 65520.000
7.888 6.767 -6.238 0.210 0.807 0.490 6.000 65472.000 65520.000
6.725 6.283 -5.436 0.084 1.181 0.828 6.000 65472.000 65520.000
5.397 9.379 -9.175 0.428 1.314 -1.065 6.000 65472.000 65520.000
8.267 8.962 -8.689 -1.402 0.688 -1.477 16.000 65464.000 65530.000
5.735 8.152 -4.775 -1.433 0.921 -1.964 16.000 65464.000 65530.000
4.566 3.427 -1.766 -1.623 1.222 -2.010 16.000 65464.000 65530.000
3.685 4.626 -8.969 -1.875 1.581 -1.498 16.000 65464.000 65530.000
5.080 6.341 -5.882 -1.461 1.372 0.973 16.000 65464.000 65530.000
6.351 6.991 0.866 -1.174 1.150 0.992 18.000 65468.000 4.000
3.624 5.591 -4.574 -1.783 1.537 0.602 18.000 65468.000 4.000
2.173 6.791 -4.449 -1.624 1.610 0.106 18.000 65468.000 4.000
3.508 7.720 -4.207 -1.592 1.103 0.080 18.000 65468.000 4.000
2.438 2.734 -2.100 -2.166 1.259 0.151 18.000 65468.000 4.000
-3.166 2.547 -3.993 -1.784 1.762 0.593 8.000 65456.000 20.000
0.243 3.513 -1.935 -1.605 0.827 0.993 8.000 65456.000 20.000
11.563 3.195 1.005 -1.738 0.369 1.207 8.000 65456.000 20.000
15.507 3.710 -2.846 -1.835 0.080 1.514 8.000 65456.000 20.000
13.575 9.218 2.711 0.924 1.310 2.161 8.000 65456.000 20.000
19.134 15.368 1.916 0.394 1.159 2.596 20.000 65452.000 30.000
19.612 17.421 2.568 0.309 1.065 2.467 20.000 65452.000 30.000
19.612 14.919 7.909 -1.358 1.257 2.405 20.000 65452.000 30.000
19.612 12.261 3.939 -2.485 0.511 2.766 20.000 65452.000 30.000
16.687 8.376 7.969 -2.209 0.423 3.009 20.000 65452.000 30.000
15.544 5.570 6.812 -1.482 0.757 2.686 50.000 65462.000 44.000
13.281 1.865 2.887 -1.861 0.865 2.534 50.000 65462.000 44.000
10.528 0.523 1.963 -1.670 0.693 2.448 50.000 65462.000 44.000
8.955 0.223 3.386 -1.212 0.644 1.840 50.000 65462.000 44.000
8.113 -2.049 5.880 -1.195 0.502 1.103 50.000 65462.000 44.000
5.664 -2.175 2.254 -1.076 0.055 0.502 67.000 65479.000 45.000
4.165 -1.335 0.254 -1.225 0.248 0.395 67.000 65479.000 45.000
6.127 -1.497 1.114 -1.041 0.056 0.468 67.000 65479.000 45.000
8.124 -2.126 2.208 0.628 0.146 0.327 67.000 65479.000 45.000
6.299 -1.487 1.449 0.416 0.207 0.375 67.000 65479.000 45.000
5.145 0.581 0.011 0.496 0.267 0.421 69.000 65477.000 35.000
6.490 0.508 0.683 0.499 0.032 0.219 69.000 65477.000 35.000
7.035 0.690 0.136 0.155 0.000 0.136 69.000 65477.000 35.000
8.274 0.937 0.557 0.017 0.214 0.437 69.000 65477.000 35.000
9.411 0.368 0.238 0.077 0.396 0.359 69.000 65477.000 35.000
11.348 2.426 0.520 0.215 0.477 0.223 70.000 65474.000 24.000
12.200 2.847 0.792 0.108 0.463 0.139 70.000 65474.000 24.000
11.935 2.250 1.106 0.120 0.433 0.218 70.000 65474.000 24.000
11.590 2.840 1.339 0.273 0.516 0.312 70.000 65474.000 24.000
12.134 3.400 0.707 0.058 0.767 0.338 70.000 65474.000 24.000
10.917 3.288 1.058 0.090 0.745 0.283 67.000 65473.000 23.000
9.952 2.814 1.813 0.110 0.617 0.327 67.000 65473.000 23.000
9.695 1.844 1.727 0.097 0.510 0.429 67.000 65473.000 23.000
9.294 1.780 0.365 0.132 0.326 0.409 67.000 65473.000 23.000
8.999 1.859 0.108 0.216 0.305 0.313 67.000 65473.000 23.000
10.036 1.351 0.028 0.105 0.122 0.369 70.000 65478.000 14.000
8.955 1.132 -1.007 0.106 0.122 0.352 70.000 65478.000 14.000
8.158 2.005 0.933 0.314 0.128 0.495 70.000 65478.000 14.000
9.461 2.055 0.609 0.458 0.041 0.683 70.000 65478.000 14.000
10.624 1.665 -1.552 0.394 0.323 0.730 69.000 65479.000 15.000
10.911 1.398 -1.205 0.501 0.518 0.760 69.000 65479.000 15.000
10.301 3.143 -1.467 0.754 0.759 0.765 69.000 65479.000 15.000
10.459 4.334 -1.339 0.677 0.866 0.723 69.000 65479.000 15.000
10.942 3.764 -1.373 0.539 0.876 0.795 69.000 65479.000 15.000
9.894 4.144 0.618 0.721 1.002 0.826 67.000 65473.000 17.000
9.143 5.289 0.074 0.781 0.950 0.933 67.000 65473.000 17.000
8.957 5.255 0.405 0.644 0.855 0.920 67.000 65473.000 17.000
9.618 4.125 0.150 0.653 0.736 -1.045 67.000 65473.000 17.000
10.012 2.858 0.258 0.819 0.538 -1.288 67.000 65473.000 17.000
7.791 4.414 0.070 1.289 0.688 -1.329 61.000 65469.000 23.000
8.476 4.881 0.839 1.266 0.584 -1.372 61.000 65469.000 23.000
9.212 5.736 0.803 1.250 0.538 -1.420 61.000 65469.000 23.000
8.805 5.859 1.307 1.222 0.511 -1.480 61.000 65469.000 23.000
9.097 6.481 1.395 1.304 0.503 -1.603 61.000 65469.000 23.000
6.997 6.613 1.454 1.187 0.780 -1.647 53.000 65463.000 37.000
6.781 5.244 1.783 1.098 0.703 -1.749 53.000 65463.000 37.000
6.384 5.549 1.702 1.136 0.592 -1.773 53.000 65463.000 37.000
5.877 6.470 1.778 0.998 0.500 -1.877 53.000 65463.000 37.000
5.346 6.440 1.616 0.910 0.476 -2.067 53.000 65463.000 37.000
4.847 5.688 2.257 0.971 0.568 -2.161 46.000 65456.000 44.000
4.648 6.218 2.729 1.135 0.684 -2.237 46.000 65456.000 44.000
5.051 7.232 0.481 1.034 0.618 -2.268 46.000 65456.000 44.000
3.562 6.422 0.460 0.813 0.770 -2.298 46.000 65456.000 44.000
1.375 7.779 1.434 1.213 0.976 -2.337 46.000 65456.000 44.000
0.934 9.130 2.303 1.240 0.769 -2.232 18.000 65454.000 52.000
2.893 8.887 2.165 0.943 0.472 -2.235 18.000 65454.000 52.000
3.390 9.247 0.539 0.856 0.243 -2.236 18.000 65454.000 52.000
3.731 9.065 0.065 1.041 0.148 -2.111 18.000 65454.000 52.000
1.424 9.641 0.950 1.768 0.373 -2.031 18.000 65454.000 52.000
-1.487 11.365 0.594 2.142 0.331 -1.965 3.000 65459.000 59.000
-1.413 13.067 -1.440 1.912 0.223 -2.010 3.000 65459.000 59.000
2.385 14.012 -3.100 1.700 0.849 -1.842 3.000 65459.000 59.000
2.297 14.847 -5.086 1.536 0.914 -1.580 3.000 65459.000 59.000
2.804 12.179 0.736 1.113 -1.081 -1.462 3.000 65459.000 59.000
1.307 10.024 -4.637 0.566 -1.071 -1.049 65532.000 65458.000 54.000
0.351 8.529 -6.345 0.229 -1.091 0.805 65532.000 65458.000 54.000
0.571 9.147 -4.265 0.610 -1.107 0.690 65532.000 65458.000 54.000
1.751 9.973 -5.711 0.355 -1.441 0.339 65532.000 65458.000 54.000
1.301 8.644 -6.372 0.038 -1.097 0.002 65532.000 65458.000 54.000
0.566 7.694 -3.191 0.077 0.649 0.190 65520.000 65468.000 36.000
-3.069 10.357 -4.935 0.356 0.083 0.549 65520.000 65468.000 36.000
-2.136 9.688 -5.430 0.096 0.458 0.595 65520.000 65468.000 36.000
1.104 8.297 -3.258 0.149 -1.038 0.581 65520.000 65468.000 36.000
2.434 7.395 -3.393 0.471 0.946 0.648 65520.000 65468.000 36.000
1.726 9.744 -3.845 0.889 0.509 0.811 65517.000 65475.000 27.000
3.313 9.814 -4.277 0.947 0.557 0.991 65517.000 65475.000 27.000
3.815 8.676 -4.772 0.927 0.293 1.244 65517.000 65475.000 27.000
0.706 10.919 -5.000 1.320 0.678 1.390 65517.000 65475.000 27.000
1.476 11.180 -3.232 1.251 0.866 1.336 65517.000 65475.000 27.000
1.118 10.721 -5.078 1.034 1.086 1.100 65514.000 65482.000 20.000
-1.221 11.619 -8.097 0.919 1.176 0.852 65514.000 65482.000 20.000
-2.521 12.948 -9.106 0.752 0.615 0.694 65514.000 65482.000 20.000
-3.880 12.275 -8.829 0.364 0.159 0.586 65514.000 65482.000 20.000
-4.605 11.113 -6.175 0.169 0.121 0.460 65514.000 65482.000 20.000
-2.655 11.233 -5.711 0.351 0.633 0.201 65516.000 65476.000 12.000
0.122 12.501 -7.146 0.428 -1.148 0.099 65516.000 65476.000 12.000
1.936 13.022 -6.812 0.407 -1.410 0.171 65516.000 65476.000 12.000
0.829 11.721 -5.462 0.221 -1.150 0.228 65516.000 65476.000 12.000
0.976 10.366 -6.187 0.082 0.804 0.304 65516.000 65476.000 12.000
-1.874 10.959 -6.906 0.086 0.746 0.306 65511.000 65475.000 3.000
-2.019 11.688 -6.642 0.066 0.929 0.085 65511.000 65475.000 3.000
0.448 11.889 -6.333 0.145 -1.433 0.154 65511.000 65475.000 3.000
0.187 11.446 -6.113 0.289 -1.366 0.141 65511.000 65475.000 3.000
0.391 10.287 -6.339 0.538 0.935 0.000 65511.000 65475.000 3.000
0.283 9.818 -5.815 0.531 0.827 0.025 65504.000 65478.000 65528.000
0.319 9.570 -4.971 0.389 0.775 0.049 65504.000 65478.000 65528.000
0.195 9.545 -5.361 0.359 0.567 0.065 65504.000 65478.000 65528.000
0.463 9.079 -4.903 0.453 0.498 0.099 65504.000 65478.000 65528.000
0.359 8.834 -4.610 0.578 0.511 0.058 65504.000 65478.000 65528.000
0.952 8.633 -4.387 0.685 0.511 0.000 65496.000 65476.000 65526.000
1.025 7.680 -3.112 0.739 0.460 0.005 65496.000 65476.000 65526.000
0.681 7.079 -2.977 0.893 0.365 0.025 65496.000 65476.000 65526.000
0.223 7.499 -3.390 -1.004 0.338 0.060 65496.000 65476.000 65526.000
0.192 6.924 -2.588 -1.135 0.297 0.039 65496.000 65476.000 65526.000
0.389 5.644 -2.104 -1.248 0.288 0.020 65492.000 65472.000 65514.000
0.268 5.495 -2.389 -1.296 0.304 0.048 65492.000 65472.000 65514.000
0.278 6.096 -2.621 -1.326 0.342 0.072 65492.000 65472.000 65514.000
0.867 6.390 -2.571 -1.378 0.387 0.110 65492.000 65472.000 65514.000
0.678 5.292 -1.672 -1.392 0.243 0.084 65492.000 65472.000 65514.000
0.004 4.406 -1.349 -1.320 0.084 0.137 65481.000 65473.000 65519.000
0.142 4.457 -1.434 -1.229 0.125 0.238 65481.000 65473.000 65519.000
0.272 5.057 -1.580 -1.200 0.100 0.266 65481.000 65473.000 65519.000
0.001 5.037 -1.496 -1.179 0.068 0.302 65481.000 65473.000 65519.000
0.056 4.824 -1.477 -1.111 0.087 0.280 65481.000 65473.000 65519.000
0.175 5.434 -1.661 -1.070 0.109 0.257 65470.000 65480.000 65524.000
0.021 6.542 -1.693 -1.019 0.142 0.229 65470.000 65480.000 65524.000
0.005 6.922 0.970 -1.029 0.189 0.197 65470.000 65480.000 65524.000
0.264 7.454 0.805 -1.053 0.292 0.177 65470.000 65480.000 65524.000
0.780 8.785 -1.740 -1.064 0.421 0.179 65470.000 65480.000 65524.000
0.557 9.156 0.822 -1.028 0.579 0.271 65460.000 65480.000 65530.000
0.080 9.144 0.529 0.940 0.706 0.311 65460.000 65480.000 65530.000
0.241 9.920 -1.113 0.800 0.812 0.275 65460.000 65480.000 65530.000
0.350 10.351 0.632 0.665 0.942 0.220 65460.000 65480.000 65530.000
0.887 9.934 0.390 0.686 0.903 0.145 65460.000 65480.000 65530.000
0.735 9.339 0.471 0.616 0.678 0.087 65451.000 65483.000 65533.000
0.065 8.820 0.603 0.472 0.374 0.039 65451.000 65483.000 65533.000
0.383 8.256 0.278 0.438 0.179 0.046 65451.000 65483.000 65533.000
0.061 8.269 0.257 0.350 0.113 0.063 65451.000 65483.000 65533.000
0.697 8.757 0.469 0.255 0.006 0.010 65451.000 65483.000 65533.000
-1.314 9.661 0.604 0.205 0.095 0.000 65448.000 65488.000 0.000
-1.449 10.599 0.592 0.262 0.331 0.066 65448.000 65488.000 0.000
-1.005 10.204 0.167 0.401 0.496 0.110 65448.000 65488.000 0.000
-1.291 9.747 0.272 0.373 0.448 0.098 65448.000 65488.000 0.000
-1.503 9.810 0.816 0.290 0.390 0.124 65448.000 65488.000 0.000
-1.865 9.708 1.043 0.300 0.392 0.157 65444.000 65490.000 0.000
-2.179 9.273 1.363 0.341 0.452 0.170 65444.000 65490.000 0.000
-2.165 8.894 1.394 0.346 0.554 0.207 65444.000 65490.000 0.000
-1.708 9.210 1.594 0.245 0.590 0.215 65444.000 65490.000 0.000
0.994 9.581 1.752 0.194 0.413 0.208 65444.000 65490.000 0.000
0.973 9.664 1.479 0.225 0.179 0.202 65440.000 65490.000 2.000
-1.230 9.798 1.443 0.260 0.100 0.175 65440.000 65490.000 2.000
-2.066 9.920 1.285 0.357 0.080 0.156 65440.000 65490.000 2.000
-2.574 9.417 1.163 0.456 0.241 0.176 65440.000 65490.000 2.000
-2.002 8.988 1.523 0.428 0.455 0.223 65440.000 65490.000 2.000
-1.476 9.281 1.933 0.338 0.453 0.265 65442.000 65496.000 4.000
-1.339 9.465 2.025 0.365 0.309 0.246 65442.000 65496.000 4.000
0.770 9.156 2.023 0.432 0.226 0.215 65442.000 65496.000 4.000
0.606 9.366 1.765 0.473 0.141 0.125 65442.000 65496.000 4.000
0.696 9.834 1.883 0.478 0.067 0.025 65442.000 65496.000 4.000
0.903 9.671 1.434 0.529 0.035 0.063 65440.000 65498.000 4.000
-1.097 9.009 1.377 0.468 0.019 0.101 65440.000 65498.000 4.000
-1.446 8.835 1.480 0.221 0.022 0.083 65440.000 65498.000 4.000
-1.517 9.222 1.851 0.025 0.225 0.059 65440.000 65498.000 4.000
-1.504 9.324 2.115 0.072 0.368 0.029 65440.000 65498.000 4.000
-1.872 9.100 2.388 0.198 0.363 0.003 65439.000 65499.000 7.000
-2.211 8.852 2.421 0.191 0.274 0.039 65439.000 65499.000 7.000
-1.958 8.883 2.381 0.104 0.229 0.068 65439.000 65499.000 7.000
-1.483 8.792 2.236 0.046 0.170 0.038 65439.000 65499.000 7.000
-1.118 8.857 2.287 0.027 0.107 0.046 65439.000 65499.000 7.000
-1.035 9.152 2.382 0.098 0.070 0.132 65433.000 65495.000 7.000
0.968 9.308 2.425 0.051 0.055 0.186 65433.000 65495.000 7.000
0.952 9.372 2.278 0.017 0.040 0.216 65433.000 65495.000 7.000
-1.173 9.334 2.075 0.024 0.008 0.214 65433.000 65495.000 7.000
-1.288 9.277 2.097 0.052 0.009 0.185 65433.000 65495.000 7.000
-1.191 9.222 2.025 0.073 0.053 0.178 65438.000 65500.000 14.000
-1.084 9.069 2.042 0.133 0.041 0.183 65438.000 65500.000 14.000
-1.080 9.036 2.273 0.214 0.005 0.201 65438.000 65500.000 14.000
-1.055 9.113 2.196 0.240 0.037 0.217 65438.000 65500.000 14.000
-1.112 9.252 2.068 0.236 0.085 0.247 65438.000 65500.000 14.000
-1.288 8.914 2.057 0.221 0.136 0.276 65440.000 65496.000 8.000
-1.071 8.732 2.159 0.297 0.082 0.287 65440.000 65496.000 8.000
0.855 9.500 1.896 0.389 0.072 0.304 65440.000 65496.000 8.000
-1.181 9.226 1.555 0.265 0.162 0.355 65440.000 65496.000 8.000
-1.285 8.798 1.607 0.262 0.139 0.365 65440.000 65496.000 8.000
-1.059 9.149 1.471 0.381 0.062 0.374 65445.000 65497.000 3.000
0.830 9.215 1.437 0.392 0.035 0.425 65445.000 65497.000 3.000
0.773 8.848 1.284 0.410 0.069 0.495 65445.000 65497.000 3.000
0.642 8.675 1.138 0.514 0.070 0.557 65445.000 65497.000 3.000
0.458 8.845 0.799 0.602 0.006 0.611 65445.000 65497.000 3.000
0.360 8.747 0.749 0.620 0.021 0.686 65446.000 65488.000 6.000
0.407 8.331 0.572 0.714 0.008 0.766 65446.000 65488.000 6.000
0.495 7.970 0.239 0.872 0.011 0.803 65446.000 65488.000 6.000
0.102 7.536 0.086 0.985 0.034 0.832 65446.000 65488.000 6.000
0.438 6.848 0.490 1.077 0.065 0.891 65446.000 65488.000 6.000
0.745 6.828 -1.005 1.273 0.237 0.966 65445.000 65489.000 65533.000
0.683 7.502 -1.654 1.444 0.335 1.009 65445.000 65489.000 65533.000
0.828 6.384 -2.208 1.438 0.256 1.010 65445.000 65489.000 65533.000
0.311 4.741 -2.173 1.775 0.144 1.012 65445.000 65489.000 65533.000
0.339 3.901 -1.726 2.352 0.078 1.049 65445.000 65489.000 65533.000
0.804 4.264 -1.678 2.776 0.104 1.101 65460.000 65484.000 65530.000
0.543 4.783 -2.281 2.735 0.044 1.054 65460.000 65484.000 65530.000
1.565 4.228 -2.912 2.476 0.432 1.014 65460.000 65484.000 65530.000
1.095 4.036 -3.020 2.516 0.017 1.097 65460.000 65484.000 65530.000
0.903 5.121 -3.066 2.563 0.349 1.141 65460.000 65484.000 65530.000
2.986 6.387 -2.817 2.470 0.113 1.134 65475.000 65477.000 65519.000
3.147 7.607 -3.627 2.336 0.310 1.277 65475.000 65477.000 65519.000
3.670 7.927 -3.568 2.241 0.444 1.302 65475.000 65477.000 65519.000
3.302 9.399 -3.604 2.510 0.579 1.281 65475.000 65477.000 65519.000
3.033 8.704 -6.173 2.623 0.538 1.139 65475.000 65477.000 65519.000
3.478 8.168 -7.674 2.651 0.403 1.141 65507.000 65475.000 65515.000
2.816 10.948 -7.533 3.106 0.783 0.989 65507.000 65475.000 65515.000
4.007 11.990 -5.823 2.856 0.945 0.799 65507.000 65475.000 65515.000
3.782 10.737 -5.158 2.382 1.168 0.781 65507.000 65475.000 65515.000
3.211 10.077 -9.317 1.937 1.125 0.699 65507.000 65475.000 65515.000
4.201 8.783 -6.849 1.469 0.879 0.673 65528.000 65470.000 65516.000
1.857 7.370 -2.881 1.276 1.196 0.486 65528.000 65470.000 65516.000
3.514 6.653 -4.855 0.858 1.006 0.229 65528.000 65470.000 65516.000
8.803 5.486 -9.488 0.023 0.506 0.303 65528.000 65470.000 65516.000
9.403 6.641 -13.311 0.117 0.810 0.241 65528.000 65470.000 65516.000
8.371 7.217 -7.918 0.518 1.243 0.015 12.000 65470.000 65534.000
7.360 8.781 -10.435 0.076 1.423 0.729 12.000 65470.000 65534.000
9.385 8.081 -8.517 -1.065 1.130 -1.527 12.000 65470.000 65534.000
7.159 6.509 -9.170 -1.618 1.257 -2.025 12.000 65470.000 65534.000
6.236 6.397 -8.675 -1.766 0.985 -2.266 12.000 65470.000 65534.000
6.665 4.495 -4.437 -1.890 0.926 -2.420 27.000 65467.000 5.000
3.420 2.535 -3.572 -1.823 1.456 -2.331 27.000 65467.000 5.000
2.477 3.156 -7.449 -1.813 1.572 -1.967 27.000 65467.000 5.000
7.408 4.316 -1.877 -1.592 1.154 -1.820 27.000 65467.000 5.000
9.178 4.663 -2.626 -1.519 1.291 -1.720 27.000 65467.000 5.000
4.649 5.355 -3.404 -1.510 1.984 -1.481 11.000 65467.000 17.000
2.862 5.543 -2.199 -1.239 2.262 -1.327 11.000 65467.000 17.000
1.909 6.913 -5.121 -1.503 1.512 -1.321 11.000 65467.000 17.000
5.845 2.349 0.007 -2.306 0.810 -1.190 11.000 65467.000 17.000
0.648 1.844 -1.148 -2.237 1.846 0.262 4.000 65452.000 28.000
0.948 5.237 -4.195 -1.715 1.756 0.232 4.000 65452.000 28.000
5.711 8.106 -2.140 -1.681 0.718 0.269 4.000 65452.000 28.000
11.864 8.884 0.557 -1.985 0.484 0.727 4.000 65452.000 28.000
10.953 12.212 2.794 -1.803 1.226 1.745 4.000 65452.000 28.000
12.200 19.612 1.971 -1.264 1.471 1.970 6.000 65452.000 48.000
16.475 19.612 4.475 -1.524 0.939 2.121 6.000 65452.000 48.000
12.395 19.612 7.204 -2.590 0.689 2.636 6.000 65452.000 48.000
9.543 16.062 8.620 -3.347 0.282 3.398 6.000 65452.000 48.000
11.674 12.180 12.059 -3.121 0.233 3.329 6.000 65452.000 48.000
12.322 6.871 9.368 -2.757 0.894 2.586 31.000 65457.000 65.000
8.538 4.256 2.817 -2.596 0.630 1.842 31.000 65457.000 65.000
6.408 0.793 3.665 -2.373 0.592 1.582 31.000 65457.000 65.000
3.245 -3.054 7.053 -1.785 0.465 1.469 31.000 65457.000 65.000
2.771 -2.954 4.371 -1.434 0.494 1.320 31.000 65457.000 65.000
2.972 -1.152 2.114 -1.373 0.318 0.984 56.000 65462.000 54.000
6.321 -1.587 3.357 -1.178 0.473 0.566 56.000 65462.000 54.000
8.470 -3.066 4.440 -1.032 0.427 0.502 56.000 65462.000 54.000
7.885 -2.225 4.185 0.713 0.057 0.758 56.000 65462.000 54.000
6.325 0.460 4.080 0.497 0.133 1.029 56.000 65462.000 54.000
6.858 0.177 3.095 0.716 0.063 0.978 60.000 65460.000 44.000
8.275 0.081 3.227 0.721 0.316 0.882 60.000 65460.000 44.000
10.126 0.864 3.405 0.531 0.528 0.714 60.000 65460.000 44.000
11.063 0.486 3.931 0.575 0.591 0.515 60.000 65460.000 44.000
11.860 1.296 4.299 0.293 0.763 0.291 60.000 65460.000 44.000
10.876 2.276 4.630 0.176 0.736 0.225 69.000 65467.000 47.000
11.065 2.802 2.734 0.256 0.877 0.108 69.000 65467.000 47.000
12.252 2.118 2.348 0.372 0.958 0.148 69.000 65467.000 47.000
12.283 1.551 3.252 0.183 0.955 0.337 69.000 65467.000 47.000
10.193 1.689 3.779 0.072 0.630 0.411 69.000 65467.000 47.000
8.609 1.321 4.035 0.076 0.558 0.431 67.000 65469.000 31.000
7.412 1.705 2.392 0.023 0.675 0.449 67.000 65469.000 31.000
6.961 1.231 1.994 0.067 0.835 0.462 67.000 65469.000 31.000
7.351 0.899 2.422 0.076 0.987 0.502 67.000 65469.000 31.000
7.803 0.985 1.842 0.124 -1.006 0.520 67.000 65469.000 31.000
8.158 1.765 0.960 0.115 -1.023 0.481 71.000 65471.000 29.000
8.535 2.025 0.950 0.085 0.933 0.403 71.000 65471.000 29.000
9.367 1.301 1.322 0.134 0.870 0.324 71.000 65471.000 29.000
9.424 1.752 1.094 0.428 0.664 0.278 71.000 65471.000 29.000
8.625 3.093 0.246 0.502 0.557 0.256 71.000 65471.000 29.000
8.803 3.280 0.486 0.236 0.663 0.264 68.000 65470.000 18.000
9.457 2.832 0.022 0.118 0.539 0.228 68.000 65470.000 18.000
11.153 3.138 0.671 0.131 0.510 0.230 68.000 65470.000 18.000
12.738 2.665 -2.205 0.143 0.406 0.363 68.000 65470.000 18.000
10.964 3.105 -1.279 0.408 0.073 0.512 68.000 65470.000 18.000
12.228 3.521 -1.780 0.489 0.023 0.651 69.000 65473.000 17.000
13.112 3.936 -1.084 0.637 0.294 0.744 69.000 65473.000 17.000
10.314 4.291 0.963 0.781 0.984 0.761 69.000 65473.000 17.000
9.429 4.256 0.861 0.746 1.154 0.773 69.000 65473.000 17.000
10.891 3.727 -1.177 0.783 1.082 0.813 69.000 65473.000 17.000
10.284 2.037 -1.555 0.958 1.288 -1.008 67.000 65471.000 23.000
7.685 2.263 0.399 1.252 1.608 -1.210 67.000 65471.000 23.000
7.639 4.666 1.826 1.536 1.513 -1.208 67.000 65471.000 23.000
8.838 4.874 1.551 1.366 1.358 -1.184 67.000 65471.000 23.000
8.518 3.980 0.603 1.175 1.436 -1.239 67.000 65471.000 23.000
7.917 4.623 1.030 1.383 1.404 -1.241 60.000 65464.000 34.000
8.596 5.307 3.236 1.481 1.269 -1.285 60.000 65464.000 34.000
7.800 5.562 3.332 1.506 1.370 -1.212 60.000 65464.000 34.000
5.760 5.011 2.376 1.381 1.405 -1.147 60.000 65464.000 34.000
6.491 6.103 2.038 1.394 1.017 -1.290 60.000 65464.000 34.000
7.827 6.920 2.893 1.293 0.740 -1.295 49.000 65457.000 45.000
6.688 6.622 2.917 1.223 0.832 -1.179 49.000 65457.000 45.000
4.522 6.050 3.715 1.237 1.006 -1.285 49.000 65457.000 45.000
4.222 5.574 2.470 1.159 0.654 -1.401 49.000 65457.000 45.000
4.229 5.671 1.200 1.102 0.510 -1.425 49.000 65457.000 45.000
4.128 6.272 1.315 1.275 0.545 -1.433 40.000 65454.000 64.000
4.825 6.392 2.816 1.534 0.509 -1.566 40.000 65454.000 64.000
4.027 7.378 2.269 1.664 0.442 -1.658 40.000 65454.000 64.000
3.615 7.304 0.150 1.392 0.406 -1.701 40.000 65454.000 64.000
3.554 7.512 0.409 1.574 0.491 -1.644 40.000 65454.000 64.000
2.656 9.360 1.911 2.088 0.529 -1.639 27.000 65455.000 65.000
2.215 10.795 2.299 2.121 0.365 -1.688 27.000 65455.000 65.000
1.813 10.488 0.653 1.837 0.156 -1.936 27.000 65455.000 65.000
2.541 9.576 -2.297 1.963 0.241 -2.155 27.000 65455.000 65.000
3.078 11.257 0.304 2.845 0.736 -2.276 27.000 65455.000 65.000
0.706 14.275 3.995 3.340 0.569 -2.273 10.000 65458.000 68.000
1.306 16.142 0.966 2.731 0.775 -2.490 10.000 65458.000 68.000
3.394 11.595 -5.974 0.716 0.939 -2.232 10.000 65458.000 68.000
4.831 8.043 -10.567 0.281 -1.755 -1.450 10.000 65458.000 68.000
5.617 11.889 -4.606 1.548 -2.163 0.854 10.000 65458.000 68.000
2.749 13.724 -2.627 1.134 -1.695 0.362 65531.000 65463.000 67.000
-4.072 8.826 -5.116 0.172 0.820 0.120 65531.000 65463.000 67.000
-2.699 8.390 -8.640 0.205 -1.346 0.073 65531.000 65463.000 67.000
1.952 10.329 -7.994 0.546 -2.121 0.093 65531.000 65463.000 67.000
2.219 9.855 -3.942 0.002 -1.766 0.397 65531.000 65463.000 67.000
-2.750 7.257 -6.011 0.364 0.978 0.501 65523.000 65467.000 45.000
0.748 7.524 -5.688 0.089 -1.702 0.638 65523.000 65467.000 45.000
2.811 7.055 -3.400 0.017 -1.525 0.911 65523.000 65467.000 45.000
1.866 7.395 -4.939 0.240 -1.080 1.076 65523.000 65467.000 45.000
2.370 8.124 -5.722 0.277 0.978 1.166 65523.000 65467.000 45.000
3.490 6.651 -3.016 0.221 0.618 1.252 65520.000 65470.000 28.000
0.629 8.208 -3.224 0.752 0.106 1.389 65520.000 65470.000 28.000
2.132 9.885 -5.544 0.799 0.295 1.484 65520.000 65470.000 28.000
4.017 9.463 -4.753 0.726 0.386 1.420 65520.000 65470.000 28.000
2.562 9.115 -3.473 0.972 0.352 1.389 65520.000 65470.000 28.000
3.246 8.117 -4.678 0.908 0.317 1.592 65519.000 65477.000 21.000
6.376 8.415 -6.683 0.986 0.042 1.485 65519.000 65477.000 21.000
2.294 9.068 -5.546 1.076 0.806 1.382 65519.000 65477.000 21.000
-1.162 9.293 -5.972 0.849 1.020 1.334 65519.000 65477.000 21.000
1.151 10.417 -7.466 0.593 0.192 1.187 65519.000 65477.000 21.000
0.056 11.154 -7.976 0.481 0.019 0.806 65519.000 65473.000 15.000
0.447 10.348 -8.001 0.282 0.548 0.523 65519.000 65473.000 15.000
-1.077 9.786 -8.407 0.052 -1.013 0.488 65519.000 65473.000 15.000
0.488 9.565 -6.287 0.088 -1.411 0.474 65519.000 65473.000 15.000
0.283 12.439 -7.595 0.213 -1.234 0.390 65519.000 65473.000 15.000
0.970 12.974 -8.303 0.114 -1.336 0.285 65520.000 65468.000 6.000
1.222 12.328 -7.602 0.348 -1.406 0.307 65520.000 65468.000 6.000
1.337 11.725 -7.529 0.365 -1.432 0.123 65520.000 65468.000 6.000
1.174 11.028 -7.544 0.404 -1.365 0.045 65520.000 65468.000 6.000
1.686 10.830 -7.656 0.410 -1.376 0.003 65520.000 65468.000 6.000
1.174 10.655 -7.347 0.376 -1.126 0.027 65516.000 65474.000 65530.000
0.489 10.371 -7.066 0.420 0.934 0.088 65516.000 65474.000 65530.000
0.369 9.775 -6.688 0.586 0.882 0.248 65516.000 65474.000 65530.000
0.743 9.445 -6.337 0.678 0.780 0.254 65516.000 65474.000 65530.000
1.265 9.677 -6.396 0.601 0.755 0.281 65516.000 65474.000 65530.000
0.922 9.757 -6.306 0.708 0.662 0.324 65513.000 65479.000 65521.000
0.822 8.660 -5.368 0.925 0.579 0.298 65513.000 65479.000 65521.000
1.092 7.613 -4.774 0.951 0.445 0.257 65513.000 65479.000 65521.000
0.999 7.953 -4.558 0.769 0.270 0.202 65513.000 65479.000 65521.000
1.167 7.970 -3.876 0.767 0.215 0.238 65513.000 65479.000 65521.000
1.381 7.007 -3.527 0.878 0.113 0.340 65505.000 65477.000 65515.000
1.146 6.551 -4.127 0.932 0.063 0.312 65505.000 65477.000 65515.000
0.835 6.985 -4.163 0.818 0.083 0.276 65505.000 65477.000 65515.000
0.758 6.732 -3.546 0.824 0.017 0.343 65505.000 65477.000 65515.000
0.964 5.765 -3.179 0.970 0.035 0.419 65505.000 65477.000 65515.000
1.413 5.704 -3.574 -1.066 0.015 0.451 65498.000 65478.000 65514.000
1.340 6.695 -3.484 -1.035 0.172 0.415 65498.000 65478.000 65514.000
0.848 6.023 -1.965 -1.010 0.282 0.437 65498.000 65478.000 65514.000
0.430 5.250 -1.529 -1.042 0.328 0.507 65498.000 65478.000 65514.000
0.363 5.905 -2.205 -1.076 0.282 0.484 65498.000 65478.000 65514.000
0.134 6.730 -2.280 -1.208 0.211 0.423 65482.000 65476.000 65512.000
0.166 6.315 -1.124 -1.271 0.125 0.403 65482.000 65476.000 65512.000
0.283 6.022 -1.448 -1.262 0.086 0.442 65482.000 65476.000 65512.000
0.086 5.901 -1.745 -1.337 0.040 0.427 65482.000 65476.000 65512.000
0.005 6.148 -1.962 -1.361 0.234 0.451 65482.000 65476.000 65512.000
0.248 6.507 -1.444 -1.306 0.389 0.452 65468.000 65476.000 65518.000
0.102 7.174 -1.212 -1.110 0.281 0.390 65468.000 65476.000 65518.000
0.202 7.800 -1.918 0.972 0.410 0.412 65468.000 65476.000 65518.000
0.787 7.849 -2.633 0.991 0.719 0.404 65468.000 65476.000 65518.000
0.690 8.259 -2.640 0.844 0.463 0.270 65468.000 65476.000 65518.000
0.981 8.554 -1.753 0.632 0.051 0.166 65459.000 65476.000 65518.000
-1.599 8.487 -1.352 0.569 0.072 0.202 65459.000 65475.000 65531.000
0.961 8.611 0.822 0.498 0.144 0.268 65459.000 65475.000 65531.000
-1.088 9.161 0.658 0.463 0.053 0.264 65459.000 65475.000 65531.000
-1.404 9.648 0.756 0.516 0.003 0.236 65459.000 65475.000 65531.000
-1.164 10.013 0.773 0.573 0.201 0.233 65459.000 65475.000 65531.000
0.840 9.684 0.690 0.570 0.324 0.226 65454.000 65488.000 65532.000
0.526 8.998 0.468 0.534 0.298 0.203 65454.000 65488.000 65532.000
-1.013 9.326 0.031 0.377 0.085 0.129 65454.000 65488.000 65532.000
-1.013 9.326 0.031 0.377 0.085 0.129 65454.000 65488.000 65532.000
-1.804 9.976 0.195 0.343 0.002 0.146 65454.000 65488.000 65532.000
-1.307 10.059 0.205 0.420 0.254 0.203 65448.000 65486.000 65532.000
0.254 9.327 0.402 0.511 0.271 0.162 65448.000 65486.000 65532.000
0.044 8.944 0.177 0.429 0.151 0.057 65448.000 65486.000 65532.000
0.067 9.029 0.161 0.311 0.511 0.037 65448.000 65486.000 65532.000
0.402 9.002 0.080 0.302 0.802 0.137 65448.000 65486.000 65532.000
0.287 9.630 0.185 0.224 1.226 0.253 65442.000 65490.000 0.000
0.568 9.800 1.388 0.262 1.330 0.287 65442.000 65490.000 0.000
-1.077 9.959 1.249 0.369 1.274 0.260 65442.000 65490.000 0.000
-2.132 10.223 0.565 0.479 1.363 0.244 65442.000 65490.000 0.000
-1.279 10.214 0.545 0.405 1.312 0.174 65442.000 65490.000 0.000
0.374 9.409 0.875 0.406 1.467 0.159 65444.000 65486.000 4.000
0.711 9.294 0.644 0.306 1.895 0.256 65444.000 65486.000 4.000
0.420 10.176 0.238 0.168 2.172 0.390 65444.000 65486.000 4.000
0.081 10.239 0.229 0.247 2.283 0.485 65444.000 65486.000 4.000
0.363 9.633 0.373 0.374 2.386 0.581 65444.000 65486.000 4.000
0.591 9.642 0.178 0.378 2.442 0.640 65442.000 65472.000 16.000
0.622 9.768 0.274 0.462 2.459 0.684 65442.000 65472.000 16.000
0.992 9.794 0.359 0.606 2.629 0.733 65442.000 65472.000 16.000
-1.345 10.017 0.306 0.771 2.744 0.739 65442.000 65472.000 16.000
0.961 10.169 0.004 0.830 2.681 0.738 65442.000 65472.000 16.000
0.232 8.757 0.621 0.856 2.774 0.791 65446.000 65464.000 26.000
0.329 9.771 0.776 0.421 2.959 0.865 65446.000 65464.000 26.000
0.624 11.828 0.050 0.001 3.181 0.879 65446.000 65464.000 26.000
-1.693 10.545 0.652 0.299 3.063 0.713 65446.000 65464.000 26.000
0.590 9.847 0.647 0.178 1.584 0.451 65446.000 65464.000 26.000
0.590 9.847 0.647 0.178 1.584 0.451 65452.000 65456.000 46.000
0.096 9.679 1.192 0.280 1.599 0.399 65452.000 65456.000 46.000
-1.217 8.987 1.186 0.350 1.732 0.306 65452.000 65456.000 46.000
-1.217 8.924 1.592 0.272 1.493 0.172 65452.000 65456.000 46.000
0.769 8.923 1.999 0.301 1.280 0.018 65452.000 65456.000 46.000
0.252 8.923 1.515 0.449 1.117 0.079 65457.000 65455.000 65.000
0.118 9.070 1.250 0.502 1.028 0.100 65457.000 65455.000 65.000
0.031 9.993 0.872 0.334 1.016 0.082 65457.000 65455.000 65.000
0.462 10.255 0.217 0.200 1.000 0.051 65457.000 65455.000 65.000
0.404 8.501 0.276 0.152 1.210 0.082 65457.000 65455.000 65.000
0.454 7.497 0.451 0.164 1.582 0.234 65461.000 65465.000 73.000
-1.394 8.398 0.471 0.620 1.664 0.208 65461.000 65465.000 73.000
-2.456 8.981 0.306 0.614 1.506 0.135 65461.000 65465.000 73.000
-2.039 8.264 0.739 0.328 1.011 0.022 65461.000 65465.000 73.000
0.681 7.824 1.234 0.243 0.578 0.044 65461.000 65465.000 73.000
0.360 9.311 1.222 0.447 0.479 0.049 65457.000 65463.000 83.000
1.055 10.080 0.984 0.476 0.565 0.004 65457.000 65463.000 83.000
0.409 8.650 0.559 0.237 0.824 0.090 65457.000 65463.000 83.000
-1.280 8.178 0.047 0.326 1.104 0.134 65457.000 65463.000 83.000
-1.607 9.946 0.314 0.614 0.909 0.098 65457.000 65463.000 83.000
-1.037 10.433 0.515 0.331 0.537 0.077 65458.000 65466.000 84.000
0.981 9.354 0.197 0.023 0.412 0.170 65458.000 65466.000 84.000
0.653 7.954 0.100 0.069 0.477 0.340 65458.000 65466.000 84.000
0.229 7.534 0.741 0.414 0.581 0.412 65458.000 65466.000 84.000
0.167 8.395 0.276 0.570 0.787 0.393 65458.000 65466.000 84.000
0.657 8.452 0.128 0.517 0.818 0.290 65455.000 65467.000 83.000
-1.509 7.286 0.300 0.465 0.582 0.207 65455.000 65467.000 83.000
-1.422 6.679 0.029 0.692 0.311 0.215 65455.000 65467.000 83.000
-1.126 7.637 0.721 1.051 0.361 0.267 65455.000 65467.000 83.000
0.677 8.589 0.590 1.347 0.516 0.204 65455.000 65467.000 83.000
0.007 8.909 0.920 1.237 0.422 0.086 65453.000 65469.000 91.000
0.053 7.687 -1.725 0.923 0.323 0.104 65453.000 65469.000 91.000
0.252 6.949 -2.023 0.958 0.264 0.217 65453.000 65469.000 91.000
0.378 7.293 -1.647 1.050 0.403 0.281 65453.000 65469.000 91.000
-1.637 8.832 -1.941 1.058 0.693 0.157 65453.000 65469.000 91.000
-1.824 8.589 -1.084 1.129 0.280 0.096 65455.000 65475.000 85.000
0.141 6.764 0.950 0.927 0.218 0.004 65455.000 65475.000 85.000
1.211 5.492 -1.981 0.629 0.086 0.271 65455.000 65475.000 85.000
1.265 6.366 -3.078 0.608 0.438 0.304 65455.000 65475.000 85.000
0.356 8.899 -3.633 0.612 0.566 0.216 65455.000 65475.000 85.000
0.450 8.191 -1.544 0.536 0.290 0.132 65452.000 65472.000 74.000
0.976 6.235 0.690 0.412 0.271 0.105 65452.000 65472.000 74.000
0.447 6.955 -2.846 0.154 0.345 0.074 65452.000 65472.000 74.000
0.615 7.961 -3.690 0.116 0.241 0.056 65452.000 65472.000 74.000
0.474 7.946 -2.582 0.298 0.121 0.062 65452.000 65472.000 74.000
0.699 6.047 0.281 0.286 0.307 0.057 65462.000 65474.000 74.000
0.550 4.574 0.317 0.505 0.250 0.064 65462.000 65474.000 74.000
0.337 5.128 -3.427 0.796 0.340 0.070 65462.000 65474.000 74.000
1.133 5.735 -3.967 0.878 0.023 0.043 65462.000 65474.000 74.000
-1.084 6.534 -1.915 0.609 0.342 0.223 65462.000 65474.000 74.000
0.761 8.276 -1.941 0.613 0.288 0.317 65464.000 65476.000 74.000
0.093 10.741 -3.520 -1.102 0.266 0.182 65464.000 65476.000 74.000
0.300 10.544 -5.212 -1.792 0.223 0.093 65464.000 65476.000 74.000
0.128 9.807 -1.335 -1.918 0.295 0.403 65464.000 65476.000 74.000
0.906 10.564 -1.709 -2.139 0.583 0.610 65464.000 65476.000 74.000
0.469 10.080 -4.149 -2.599 0.700 0.207 65478.000 65476.000 82.000
1.996 11.633 -4.365 -2.706 0.352 0.280 65478.000 65476.000 82.000
3.095 13.767 2.752 -2.531 0.188 0.240 65478.000 65476.000 82.000
0.116 7.873 6.343 -2.685 0.300 0.028 65478.000 65476.000 82.000
0.246 10.354 2.450 -2.268 0.209 0.244 65478.000 65476.000 82.000
3.082 14.834 5.555 -1.994 0.022 0.154 65499.000 65479.000 83.000
2.328 17.092 7.730 -2.209 0.062 0.382 65499.000 65479.000 83.000
-3.973 19.612 9.866 -2.482 0.271 0.840 65499.000 65479.000 83.000
0.027 19.612 14.294 -2.814 0.586 0.606 65499.000 65479.000 83.000
7.600 19.612 12.223 -3.284 -1.465 0.001 65499.000 65479.000 83.000
6.876 19.612 15.564 -3.573 0.893 0.455 0.000 65492.000 86.000
0.731 15.027 19.612 -3.850 0.041 0.348 0.000 65492.000 86.000
-2.622 11.942 16.730 -3.764 0.129 0.544 0.000 65492.000 86.000
0.553 7.449 8.629 -3.984 -1.127 0.430 0.000 65492.000 86.000
1.561 4.833 2.604 -4.119 -1.546 0.197 0.000 65492.000 86.000
2.228 -1.122 2.329 -3.785 -1.178 0.126 25.000 65493.000 83.000
0.350 -5.641 3.333 -3.005 0.493 0.085 25.000 65493.000 83.000
2.252 -6.896 3.891 -2.635 0.793 0.034 25.000 65493.000 83.000
1.930 -4.338 0.882 -2.683 0.771 0.040 25.000 65493.000 83.000
0.292 -2.741 0.867 -1.961 0.375 0.061 25.000 65493.000 83.000
2.855 -3.065 3.780 -1.509 0.439 0.099 49.000 65487.000 81.000
4.168 -2.122 6.557 -1.171 0.247 0.116 49.000 65487.000 81.000
2.653 0.483 6.600 -1.380 0.156 0.003 49.000 65487.000 81.000
2.721 1.818 7.272 -1.519 0.212 0.183 49.000 65487.000 81.000
4.748 2.464 9.109 -1.674 0.045 0.361 49.000 65487.000 81.000
4.649 0.412 9.934 -1.815 0.110 0.435 58.000 65478.000 70.000
4.389 0.691 9.762 -2.026 0.270 0.413 58.000 65478.000 70.000
3.645 0.397 12.145 -1.860 0.527 0.407 58.000 65478.000 70.000
3.843 0.980 14.415 -1.826 0.633 0.354 58.000 65478.000 70.000
3.815 0.824 14.341 -1.766 0.695 0.346 58.000 65478.000 70.000
1.304 -2.391 10.573 -1.847 0.774 0.342 66.000 65476.000 60.000
0.957 -4.370 12.887 -1.524 0.658 0.407 66.000 65476.000 60.000
-1.013 -5.462 16.275 0.943 0.226 0.268 66.000 65476.000 60.000
0.648 -5.171 12.216 0.490 0.291 0.102 66.000 65476.000 60.000
1.847 -4.214 8.570 0.316 0.405 0.019 66.000 65476.000 60.000
3.411 -4.031 9.123 0.017 0.344 0.031 76.000 65484.000 54.000
2.683 -4.006 9.781 0.156 0.017 0.056 76.000 65484.000 54.000
0.488 -1.862 6.418 0.347 0.332 0.124 76.000 65484.000 54.000
0.483 0.691 4.839 0.352 0.377 0.106 76.000 65484.000 54.000
0.083 0.586 5.840 0.241 0.202 0.074 76.000 65484.000 54.000
0.673 0.943 7.421 0.157 0.101 0.047 73.000 65491.000 47.000
1.369 -1.028 7.946 0.101 0.029 0.059 73.000 65491.000 47.000
1.466 0.756 8.024 0.112 0.011 0.128 73.000 65491.000 47.000
2.218 0.881 9.272 0.192 0.072 0.204 73.000 65491.000 47.000
3.147 0.699 10.117 0.259 0.045 0.275 73.000 65491.000 47.000
2.396 0.623 10.096 0.150 0.077 0.222 73.000 65485.000 51.000
2.327 -1.695 10.991 0.082 0.039 0.191 73.000 65485.000 51.000
2.568 -2.850 10.885 0.042 0.066 0.150 73.000 65485.000 51.000
2.861 -2.689 10.959 0.146 0.080 0.161 73.000 65485.000 51.000
2.474 -2.729 11.580 0.487 0.226 0.082 73.000 65485.000 51.000
1.116 -3.591 10.656 0.663 0.344 0.018 77.000 65491.000 51.000
0.960 -4.044 9.707 0.977 0.261 0.069 77.000 65491.000 51.000
1.952 -2.911 9.418 1.277 0.195 0.108 77.000 65491.000 51.000
2.194 -1.855 9.411 1.530 0.231 0.093 77.000 65491.000 51.000
1.223 -1.885 9.209 1.582 0.416 0.120 77.000 65491.000 51.000
1.319 -1.764 9.419 1.716 0.369 0.122 73.000 65491.000 59.000
1.381 0.840 8.859 1.898 0.348 0.129 73.000 65491.000 59.000
0.984 0.548 10.139 2.228 0.454 0.129 73.000 65491.000 59.000
0.031 0.835 8.567 2.171 0.461 0.085 73.000 65491.000 59.000
0.448 0.946 8.494 2.046 0.287 0.041 73.000 65491.000 59.000
0.368 2.594 9.105 2.241 0.103 0.040 70.000 65492.000 68.000
0.028 2.864 8.111 2.169 0.048 0.010 70.000 65492.000 68.000
0.802 2.120 8.558 2.138 0.146 0.110 70.000 65492.000 68.000
1.237 2.359 8.247 2.362 0.048 0.230 70.000 65492.000 68.000
0.895 2.705 7.480 2.421 0.046 0.177 70.000 65492.000 68.000
0.146 5.390 6.288 2.553 0.076 0.207 59.000 65489.000 83.000
0.620 5.743 7.466 2.527 0.111 0.177 59.000 65489.000 83.000
0.511 6.411 8.083 2.687 0.203 0.087 59.000 65489.000 83.000
0.140 6.228 7.127 2.598 0.155 0.083 59.000 65489.000 83.000
-1.179 6.868 7.074 2.867 0.144 0.218 59.000 65489.000 83.000
0.348 7.815 6.319 2.887 0.047 0.234 42.000 65492.000 92.000
1.470 7.898 6.697 2.936 0.201 0.272 42.000 65492.000 92.000
1.037 9.181 7.105 3.370 0.164 0.412 42.000 65492.000 92.000
0.617 10.573 7.159 3.814 0.092 0.533 42.000 65492.000 92.000
-1.006 11.901 8.965 4.002 0.117 0.534 42.000 65492.000 92.000
1.544 11.027 5.862 3.524 0.253 0.433 24.000 65490.000 92.000
2.402 7.761 3.584 2.594 0.361 0.299 24.000 65490.000 92.000
0.967 7.710 0.124 2.481 0.125 0.306 24.000 65490.000 92.000
-1.826 8.638 0.757 2.256 0.144 0.368 24.000 65490.000 92.000
0.752 10.438 0.429 1.897 0.257 0.239 24.000 65490.000 92.000
0.245 11.743 1.726 1.459 0.237 0.165 65534.000 65488.000 96.000
2.272 11.295 2.578 1.014 0.606 0.206 65534.000 65488.000 96.000
0.056 10.158 1.486 0.837 0.381 0.194 65534.000 65488.000 96.000
0.590 9.205 0.033 0.633 0.304 0.013 65534.000 65488.000 96.000
3.440 8.386 1.461 0.491 0.889 0.024 65534.000 65488.000 96.000
0.077 10.194 2.205 0.773 0.508 0.082 65517.000 65483.000 83.000
-2.448 9.824 2.245 0.807 0.191 0.053 65517.000 65483.000 83.000
0.181 9.391 1.697 0.726 0.443 0.047 65517.000 65483.000 83.000
4.096 10.226 0.916 0.662 0.796 0.040 65517.000 65483.000 83.000
1.775 10.046 3.187 0.790 0.613 0.109 65517.000 65483.000 83.000
0.373 9.378 2.894 0.999 0.068 0.122 65503.000 65479.000 73.000
0.839 9.265 2.183 0.924 0.247 0.205 65503.000 65479.000 73.000
0.355 10.687 0.664 0.504 0.502 0.114 65503.000 65479.000 73.000
-2.002 12.515 -4.004 0.279 0.791 0.106 65503.000 65479.000 73.000
0.354 12.348 -3.900 0.177 0.438 0.304 65503.000 65479.000 73.000
0.893 11.238 -5.374 0.228 0.099 0.332 65489.000 65477.000 71.000
0.542 11.739 -7.260 0.656 0.436 0.139 65489.000 65477.000 71.000
0.005 11.027 -5.242 0.742 0.389 0.065 65489.000 65477.000 71.000
-1.119 11.074 -4.106 0.908 0.298 0.109 65489.000 65477.000 71.000
-1.766 11.292 -3.303 0.901 0.368 0.135 65489.000 65477.000 71.000
-1.455 11.765 -3.646 0.741 0.420 0.004 65486.000 65478.000 66.000
-1.471 11.803 -4.642 0.694 0.391 0.143 65486.000 65478.000 66.000
-1.065 11.626 -5.204 0.813 0.420 0.068 65486.000 65478.000 66.000
0.386 11.488 -3.672 1.139 0.545 0.004 65486.000 65478.000 66.000
0.806 10.692 -3.029 0.978 0.648 0.084 65486.000 65478.000 66.000
0.004 10.360 -4.745 0.528 0.569 0.225 65477.000 65471.000 63.000
0.944 10.223 -5.414 0.337 0.658 0.131 65477.000 65471.000 63.000
-1.095 10.605 -4.042 0.604 0.804 0.095 65477.000 65471.000 63.000
0.235 11.012 -3.183 0.426 0.916 0.085 65477.000 65471.000 63.000
0.495 10.899 -3.224 0.020 0.713 0.082 65477.000 65471.000 63.000
0.854 11.486 -3.823 0.281 0.646 0.051 65472.000 65470.000 48.000
0.853 11.784 -3.181 0.446 0.599 0.069 65472.000 65470.000 48.000
0.718 10.765 -1.778 0.305 0.622 0.085 65472.000 65470.000 48.000
0.878 9.862 -1.721 0.359 0.364 0.146 65472.000 65470.000 48.000
0.636 10.053 -2.560 0.659 0.136 0.047 65472.000 65470.000 48.000
0.584 10.332 -1.657 0.640 0.310 0.197 65463.000 65469.000 51.000
0.265 11.184 -1.326 0.393 0.248 0.063 65463.000 65469.000 51.000
-1.006 11.750 -1.702 0.696 0.010 0.065 65463.000 65469.000 51.000
0.599 11.099 -1.224 -1.060 0.179 0.004 65463.000 65469.000 51.000
0.076 10.066 0.750 -1.248 0.277 0.138 65463.000 65469.000 51.000
0.532 9.909 0.788 -1.370 0.223 0.063 65460.000 65464.000 52.000
0.128 9.798 0.773 -1.293 0.046 0.024 65460.000 65464.000 52.000
0.089 8.988 0.076 -1.197 0.138 0.034 65460.000 65464.000 52.000
0.082 9.062 0.492 -1.252 0.109 0.096 65460.000 65464.000 52.000
0.305 8.427 0.529 -1.360 0.009 0.064 65460.000 65464.000 52.000
0.562 7.104 0.144 -1.344 0.001 0.005 65457.000 65465.000 57.000
0.191 6.801 0.741 -1.247 0.155 0.094 65457.000 65465.000 57.000
0.238 7.322 0.387 -1.178 0.198 0.108 65457.000 65465.000 57.000
0.083 7.249 0.658 -1.252 0.033 0.061 65457.000 65465.000 57.000
0.426 6.415 0.798 -1.405 0.123 0.108 65457.000 65465.000 57.000
0.848 5.306 0.333 -1.457 0.217 0.026 65455.000 65465.000 67.000
0.363 5.565 0.295 -1.373 0.038 0.036 65455.000 65465.000 67.000
0.506 5.752 0.539 -1.392 0.023 0.040 65455.000 65465.000 67.000
0.792 4.666 0.487 -1.501 0.108 0.084 65455.000 65465.000 67.000
0.028 4.033 0.444 -1.390 0.043 0.178 65455.000 65465.000 67.000
0.067 4.732 0.266 -1.106 0.047 0.085 65454.000 65464.000 84.000
0.262 5.206 0.296 0.926 0.072 0.046 65454.000 65464.000 84.000
0.009 6.151 0.599 0.794 0.050 0.089 65454.000 65464.000 84.000
0.307 7.169 1.209 0.645 0.040 0.069 65454.000 65464.000 84.000
0.181 7.442 1.586 0.655 0.100 0.063 65454.000 65464.000 84.000
0.119 8.112 1.860 0.507 0.011 0.103 65464.000 65464.000 92.000
0.300 9.331 1.887 0.192 0.080 0.079 65464.000 65464.000 92.000
0.407 8.904 1.629 0.053 0.232 0.120 65464.000 65464.000 92.000
