1.721 9.152 -3.252 0.061 0.016 0.008 65476.000 65462.000 65518.000
1.681 9.138 -3.132 0.062 0.019 0.008 65472.000 65458.000 65518.000
1.671 9.172 -3.092 0.051 0.023 0.004 65472.000 65458.000 65518.000
1.643 9.203 -3.089 0.038 0.024 0.005 65472.000 65458.000 65518.000
1.720 9.181 -3.092 0.033 0.019 0.008 65472.000 65458.000 65518.000
1.689 9.226 -3.262 0.033 0.011 0.006 65472.000 65458.000 65518.000
1.702 9.133 -3.222 0.037 0.003 0.003 65475.000 65461.000 65523.000
1.716 9.198 -3.130 0.036 0.003 0.004 65475.000 65461.000 65523.000
1.669 9.205 -3.133 0.030 0.016 0.003 65475.000 65461.000 65523.000
1.796 9.119 -2.892 0.025 0.001 0.005 65475.000 65461.000 65523.000
1.772 9.531 -3.405 0.024 0.024 0.000 65475.000 65461.000 65523.000
1.584 9.063 -3.154 0.098 0.060 0.018 65474.000 65462.000 65522.000
1.758 8.978 -3.032 0.044 0.034 0.001 65474.000 65462.000 65522.000
1.758 9.406 -3.155 0.016 0.014 0.000 65474.000 65462.000 65522.000
1.728 9.188 -3.083 0.097 0.013 0.011 65474.000 65462.000 65522.000
1.617 9.093 -3.025 0.059 0.047 0.016 65474.000 65462.000 65522.000
1.657 9.370 -3.166 0.022 0.049 0.010 65468.000 65468.000 65518.000
1.708 9.299 -3.204 0.058 0.037 0.004 65468.000 65468.000 65518.000
1.637 9.182 -3.056 0.047 0.055 0.001 65468.000 65468.000 65518.000
1.626 9.137 -3.087 0.033 0.023 0.003 65468.000 65468.000 65518.000
1.593 9.327 -3.005 0.034 0.010 0.007 65468.000 65468.000 65518.000
1.555 9.396 -3.104 0.059 0.012 0.016 65475.000 65463.000 65521.000
1.641 9.342 -2.997 0.085 0.013 0.036 65475.000 65463.000 65521.000
1.663 9.321 -3.139 0.100 0.038 0.055 65475.000 65463.000 65521.000
1.558 9.442 -3.246 0.112 0.038 0.059 65475.000 65463.000 65521.000
1.758 9.413 -2.905 0.129 0.050 0.056 65475.000 65463.000 65521.000
1.725 9.546 -2.833 0.137 0.028 0.046 65473.000 65459.000 65517.000
1.517 9.855 -2.968 0.153 0.021 0.056 65473.000 65459.000 65517.000
1.588 9.688 -2.992 0.205 0.060 0.085 65473.000 65459.000 65517.000
1.590 9.554 -2.889 0.237 0.050 0.094 65473.000 65459.000 65517.000
1.602 9.633 -2.797 0.242 0.041 0.093 65473.000 65459.000 65517.000
1.630 9.712 -2.768 0.257 0.043 0.095 65474.000 65466.000 65520.000
1.496 9.703 -2.785 0.288 0.033 0.106 65474.000 65466.000 65520.000
1.420 9.416 -2.735 0.331 0.043 0.131 65474.000 65466.000 65520.000
1.509 9.326 -2.783 0.344 0.069 0.142 65474.000 65466.000 65520.000
1.419 9.406 -2.782 0.354 0.062 0.153 65474.000 65466.000 65520.000
1.296 9.102 -2.790 0.380 0.077 0.175 65469.000 65465.000 65519.000
1.364 8.990 -2.782 0.365 0.116 0.196 65469.000 65465.000 65519.000
1.356 8.955 -2.834 0.338 0.123 0.193 65469.000 65465.000 65519.000
1.341 8.920 -2.731 0.316 0.119 0.177 65469.000 65465.000 65519.000
1.326 8.807 -2.737 0.303 0.132 0.167 65469.000 65465.000 65519.000
1.328 8.560 -2.644 0.289 0.139 0.163 65469.000 65463.000 65523.000
1.176 8.378 -2.658 0.267 0.115 0.153 65469.000 65463.000 65523.000
1.255 7.893 -2.712 0.216 0.118 0.166 65469.000 65463.000 65523.000
1.200 7.979 -2.879 0.046 0.128 0.200 65469.000 65463.000 65523.000
0.896 7.776 -2.932 0.033 0.088 0.200 65469.000 65463.000 65523.000
0.882 7.654 -2.734 0.142 0.135 0.206 65467.000 65469.000 65525.000
0.611 7.053 -2.819 0.191 0.162 0.233 65467.000 65469.000 65525.000
0.384 5.827 -2.639 0.231 0.242 0.268 65467.000 65469.000 65525.000
0.287 5.210 -2.639 0.419 0.302 0.264 65467.000 65469.000 65525.000
0.328 5.264 -2.726 0.597 0.271 0.225 65467.000 65469.000 65525.000
0.849 6.107 -3.002 0.652 0.267 0.188 65465.000 65467.000 65519.000
0.509 5.566 -2.534 0.602 0.202 0.200 65465.000 65467.000 65519.000
0.112 3.825 -1.918 0.635 0.192 0.267 65465.000 65467.000 65519.000
0.102 3.400 -2.050 0.795 0.353 0.297 65465.000 65467.000 65519.000
0.541 4.538 -2.859 0.777 0.356 0.219 65465.000 65467.000 65519.000
0.660 5.655 -2.664 0.626 0.132 0.134 65463.000 65473.000 65519.000
0.760 4.960 -1.802 0.540 0.016 0.179 65463.000 65473.000 65519.000
1.165 4.668 -1.496 0.663 0.127 0.200 65463.000 65473.000 65519.000
0.621 6.605 -2.839 0.696 0.072 0.106 65463.000 65473.000 65519.000
0.950 9.117 -4.463 0.552 0.102 0.074 65463.000 65473.000 65519.000
0.691 9.761 -4.046 0.505 0.106 0.232 65466.000 65480.000 65512.000
1.826 9.265 -2.999 0.588 0.345 0.293 65466.000 65480.000 65512.000
0.430 10.606 -4.499 0.624 0.269 0.076 65466.000 65480.000 65512.000
-1.843 12.750 -5.888 0.568 0.556 0.062 65466.000 65480.000 65512.000
-1.005 12.889 -5.659 0.471 0.047 0.268 65466.000 65480.000 65512.000
0.600 11.638 -3.985 0.210 0.400 0.220 65474.000 65480.000 65512.000
0.611 11.257 -5.325 0.101 0.104 0.039 65474.000 65480.000 65512.000
0.135 12.227 -5.971 0.137 0.098 0.131 65474.000 65480.000 65512.000
1.355 12.634 -4.583 0.139 0.216 0.246 65474.000 65480.000 65512.000
0.787 11.077 -3.641 0.369 0.262 0.031 65474.000 65480.000 65512.000
0.553 10.156 -3.809 0.498 0.136 0.219 65485.000 65489.000 65507.000
-1.175 10.864 -5.480 0.574 0.109 0.058 65485.000 65489.000 65507.000
0.391 11.980 -6.896 0.561 0.192 0.089 65485.000 65489.000 65507.000
0.468 12.167 -5.616 0.479 0.181 0.055 65485.000 65489.000 65507.000
0.509 11.025 -3.651 0.722 0.104 0.195 65485.000 65489.000 65507.000
0.225 10.424 -5.193 -1.066 0.067 0.224 65486.000 65492.000 65510.000
0.241 11.838 -7.414 -1.059 0.168 0.222 65486.000 65492.000 65510.000
0.877 12.787 -6.683 -1.004 0.126 0.197 65486.000 65492.000 65510.000
0.587 11.608 -3.957 -1.319 0.040 0.143 65486.000 65492.000 65510.000
0.140 9.764 -2.535 -1.795 0.040 0.143 65486.000 65492.000 65510.000
0.026 11.607 -2.749 -1.755 0.061 0.160 65483.000 65493.000 65517.000
0.465 16.409 -2.940 -1.488 0.030 0.065 65483.000 65493.000 65517.000
0.551 19.612 -4.171 0.968 0.021 0.260 65483.000 65493.000 65517.000
0.593 18.307 -3.336 -1.206 0.258 0.250 65483.000 65493.000 65517.000
0.978 12.653 -1.655 -2.154 0.379 0.170 65483.000 65493.000 65517.000
0.251 8.082 1.695 -1.973 0.363 0.112 65475.000 65489.000 65519.000
0.099 6.114 1.508 -1.389 0.261 0.062 65475.000 65489.000 65519.000
0.222 4.291 0.408 -1.272 0.139 0.003 65475.000 65489.000 65519.000
0.075 3.428 0.142 -1.264 0.065 0.080 65475.000 65489.000 65519.000
0.512 4.747 0.313 -1.066 0.144 0.094 65475.000 65489.000 65519.000
0.379 8.228 1.098 0.920 0.172 0.019 65465.000 65493.000 65527.000
0.131 12.023 0.882 0.943 0.184 0.030 65465.000 65493.000 65527.000
0.166 12.817 0.955 -1.034 0.177 0.130 65465.000 65493.000 65527.000
0.264 11.033 1.199 -1.221 0.085 0.106 65465.000 65493.000 65527.000
0.742 9.882 1.970 -1.225 0.004 0.008 65465.000 65493.000 65527.000
0.582 10.249 3.163 0.796 0.017 0.030 65462.000 65496.000 4.000
0.057 9.697 4.024 0.612 0.086 0.130 65462.000 65496.000 4.000
0.148 8.123 3.839 0.808 0.027 0.180 65462.000 65496.000 4.000
0.013 7.250 2.958 0.868 0.116 0.195 65462.000 65496.000 4.000
0.551 7.615 2.433 0.706 0.090 0.164 65462.000 65496.000 4.000
0.944 8.462 2.779 0.541 0.006 0.105 65458.000 65496.000 10.000
0.511 9.114 3.083 0.424 0.053 0.032 65458.000 65496.000 10.000
0.052 9.302 3.226 0.374 0.134 0.024 65458.000 65496.000 10.000
0.059 9.065 3.180 0.406 0.190 0.027 65458.000 65496.000 10.000
0.138 9.077 3.470 0.358 0.197 0.028 65458.000 65496.000 10.000
0.457 9.428 3.713 0.250 0.123 0.054 65456.000 65496.000 18.000
0.913 9.326 3.554 0.281 0.073 0.072 65456.000 65496.000 18.000
0.550 7.724 3.992 0.349 0.033 0.057 65456.000 65496.000 18.000
0.082 7.931 3.685 0.078 0.063 0.059 65456.000 65496.000 18.000
0.040 8.559 3.093 0.061 0.038 0.084 65456.000 65496.000 18.000
0.068 8.228 3.347 0.107 0.072 0.103 65452.000 65494.000 22.000
0.053 7.903 3.481 0.294 0.012 0.094 65452.000 65494.000 22.000
0.191 8.234 3.581 0.522 0.051 0.077 65452.000 65494.000 22.000
0.308 8.517 3.568 0.648 0.001 0.057 65452.000 65494.000 22.000
0.264 8.240 3.359 0.722 0.048 0.052 65452.000 65494.000 22.000
0.302 8.104 2.972 0.892 0.015 0.071 65456.000 65492.000 18.000
0.266 8.024 2.610 1.101 0.038 0.083 65456.000 65492.000 18.000
0.086 8.121 2.336 1.292 0.043 0.056 65456.000 65492.000 18.000
0.361 8.153 2.294 1.418 0.020 0.036 65456.000 65492.000 18.000
0.149 8.404 1.969 1.564 0.039 0.053 65456.000 65492.000 18.000
0.691 8.898 1.672 1.731 0.141 0.057 65455.000 65493.000 15.000
0.025 9.712 1.851 1.821 0.048 0.003 65455.000 65493.000 15.000
0.357 10.195 1.051 1.755 0.043 0.093 65455.000 65493.000 15.000
0.377 10.273 1.015 1.882 0.070 0.165 65455.000 65493.000 15.000
0.001 11.727 0.227 2.229 0.293 0.294 65455.000 65493.000 15.000
0.357 12.409 0.768 2.172 0.297 0.376 65462.000 65494.000 0.000
0.489 11.878 -2.703 1.787 0.511 0.277 65462.000 65494.000 0.000
1.004 12.276 -3.050 2.155 0.656 0.275 65462.000 65494.000 0.000
0.930 13.517 -5.681 2.560 0.641 0.287 65462.000 65494.000 0.000
-1.590 13.664 -7.955 1.709 0.178 0.101 65474.000 65492.000 65526.000
0.005 14.017 -6.048 1.572 0.388 0.120 65474.000 65492.000 65526.000
1.110 13.832 -6.010 1.219 0.237 0.033 65474.000 65492.000 65526.000
0.656 13.241 -5.904 0.861 0.092 0.039 65474.000 65492.000 65526.000
0.347 12.865 -5.622 0.618 0.156 0.176 65474.000 65492.000 65526.000
-1.447 12.625 -6.673 0.376 0.268 0.175 65485.000 65499.000 65513.000
-1.383 12.921 -7.388 0.541 0.197 0.024 65485.000 65499.000 65513.000
0.086 12.076 -5.673 0.299 0.077 0.111 65485.000 65499.000 65513.000
0.129 11.893 -6.910 0.192 0.128 0.109 65485.000 65499.000 65513.000
0.245 12.325 -6.872 0.106 0.028 0.101 65485.000 65497.000 65511.000
0.123 11.824 -5.436 0.155 0.007 0.089 65485.000 65497.000 65511.000
0.164 10.860 -4.759 0.432 0.061 0.091 65485.000 65497.000 65511.000
0.015 10.500 -5.449 0.491 0.010 0.103 65485.000 65497.000 65511.000
0.391 10.838 -4.935 0.522 0.008 0.077 65485.000 65497.000 65511.000
0.423 10.502 -3.959 0.724 0.061 0.035 65488.000 65490.000 65506.000
0.055 9.491 -3.332 0.973 0.031 0.006 65488.000 65490.000 65506.000
0.044 8.889 -3.458 -1.065 0.046 0.030 65488.000 65490.000 65506.000
0.095 8.504 -3.459 -1.177 0.000 0.032 65488.000 65490.000 65506.000
0.150 7.919 -3.052 -1.351 0.042 0.050 65488.000 65490.000 65506.000
0.092 6.460 -1.956 -1.609 0.017 0.026 65478.000 65486.000 65508.000
0.174 5.814 -1.549 -1.795 0.042 0.023 65478.000 65486.000 65508.000
0.111 4.999 -1.376 -2.007 0.150 0.059 65478.000 65486.000 65508.000
0.351 3.742 -1.107 -2.172 0.141 0.068 65478.000 65486.000 65508.000
0.384 2.607 -1.408 -2.222 0.024 0.038 65460.000 65482.000 65516.000
0.331 2.832 -2.043 -2.078 0.128 0.023 65460.000 65482.000 65516.000
0.574 3.500 -1.978 -1.991 0.013 0.051 65460.000 65482.000 65516.000
0.169 2.947 -1.464 -1.947 0.164 0.069 65460.000 65482.000 65516.000
0.014 2.828 0.793 -1.755 0.140 0.055 65460.000 65482.000 65516.000
0.058 4.446 -1.248 -1.587 0.118 0.075 65444.000 65482.000 65530.000
0.374 6.573 -1.115 -1.481 0.175 0.170 65444.000 65482.000 65530.000
0.745 8.620 -1.122 -1.162 0.097 0.266 65444.000 65482.000 65530.000
0.341 9.950 0.737 0.757 0.034 0.185 65444.000 65482.000 65530.000
0.895 9.909 -1.613 0.772 0.167 0.098 65444.000 65482.000 65530.000
-1.471 11.194 0.719 0.499 0.154 0.063 65444.000 65482.000 10.000
-1.325 10.479 1.602 0.388 0.065 0.051 65444.000 65482.000 10.000
0.995 8.748 1.792 0.618 0.102 0.142 65444.000 65482.000 10.000
0.434 9.026 1.637 0.436 0.223 0.193 65444.000 65482.000 10.000
0.084 8.774 2.228 0.428 0.156 0.179 65444.000 65482.000 10.000
0.067 8.599 2.051 0.411 0.069 0.182 65439.000 65485.000 5.000
0.341 9.167 1.849 0.286 0.029 0.133 65439.000 65485.000 5.000
0.266 9.348 1.546 0.248 0.046 0.099 65439.000 65485.000 5.000
0.600 9.004 1.430 0.278 0.041 0.070 65439.000 65485.000 5.000
-1.033 9.212 1.255 0.178 0.066 0.100 65439.000 65485.000 5.000
0.477 9.539 1.308 0.083 0.181 0.132 65434.000 65482.000 16.000
0.114 8.856 1.541 0.129 0.143 0.106 65434.000 65482.000 16.000
0.021 8.754 1.736 0.028 0.010 0.065 65434.000 65482.000 16.000
0.389 9.530 1.637 0.149 0.087 0.023 65434.000 65482.000 16.000
0.664 9.392 1.881 0.072 0.102 0.001 65434.000 65482.000 16.000
0.842 9.148 2.026 0.043 0.088 0.002 65430.000 65478.000 18.000
0.833 9.215 1.951 0.106 0.016 0.000 65430.000 65478.000 18.000
0.565 9.498 2.124 0.152 0.072 0.005 65430.000 65478.000 18.000
0.223 9.666 2.091 0.153 0.043 0.005 65430.000 65478.000 18.000
0.169 9.465 2.027 0.115 0.048 0.031 65430.000 65478.000 18.000
0.389 9.251 1.796 0.110 0.111 0.070 65435.000 65485.000 21.000
0.408 9.139 1.674 0.182 0.124 0.085 65435.000 65485.000 21.000
0.464 8.955 1.631 0.245 0.112 0.091 65435.000 65485.000 21.000
0.604 8.477 1.509 0.288 0.042 0.099 65435.000 65485.000 21.000
0.584 8.656 1.329 0.440 0.010 0.089 65435.000 65485.000 21.000
0.561 8.945 1.107 0.517 0.011 0.070 65435.000 65481.000 17.000
0.429 8.547 0.830 0.510 0.001 0.056 65435.000 65481.000 17.000
0.304 7.909 0.665 0.600 0.025 0.053 65435.000 65481.000 17.000
0.422 7.342 0.396 0.777 0.069 0.070 65435.000 65481.000 17.000
-1.193 6.276 0.527 0.926 0.123 0.084 65435.000 65481.000 17.000
0.961 5.037 0.416 1.173 0.068 0.062 65434.000 65480.000 16.000
0.766 4.836 -1.114 1.556 0.163 0.023 65434.000 65480.000 16.000
0.732 4.544 -1.437 1.711 0.113 0.004 65434.000 65480.000 16.000
0.782 3.822 -1.513 1.783 0.096 0.057 65434.000 65480.000 16.000
0.706 4.053 -1.449 1.977 0.120 0.130 65434.000 65480.000 16.000
0.053 5.450 -1.860 2.124 0.168 0.158 65437.000 65483.000 5.000
0.217 6.135 -1.776 1.923 0.019 0.083 65437.000 65483.000 5.000
0.160 5.984 -1.977 1.699 0.184 0.041 65437.000 65483.000 5.000
0.278 5.723 -1.586 1.721 0.159 0.013 65437.000 65483.000 5.000
0.592 6.320 -1.997 1.850 0.098 0.009 65437.000 65483.000 5.000
0.278 7.596 -2.359 1.760 0.062 0.074 65450.000 65482.000 65528.000
-1.195 8.785 -2.831 1.560 0.096 0.110 65450.000 65482.000 65528.000
0.575 9.218 -2.989 1.549 0.167 0.026 65450.000 65482.000 65528.000
0.152 8.741 -2.671 1.292 0.373 0.069 65450.000 65482.000 65528.000
-1.319 8.972 -3.511 1.101 0.097 0.003 65450.000 65482.000 65528.000
-2.091 10.262 -4.194 1.186 0.007 0.013 65461.000 65485.000 65515.000
0.875 10.582 -5.034 0.993 0.024 0.045 65461.000 65485.000 65515.000
0.617 10.400 -4.752 0.854 0.183 0.023 65461.000 65485.000 65515.000
0.314 10.850 -4.163 0.821 0.547 0.109 65461.000 65485.000 65515.000
0.391 10.809 -5.031 0.579 0.388 0.153 65461.000 65485.000 65515.000
0.507 10.223 -4.967 0.372 0.072 0.108 65475.000 65489.000 65507.000
0.833 10.456 -5.694 0.409 0.174 0.181 65475.000 65489.000 65507.000
-1.036 11.781 -6.282 0.502 0.124 0.237 65475.000 65489.000 65507.000
0.067 12.038 -6.126 0.170 0.351 0.139 65475.000 65489.000 65507.000
0.045 11.506 -6.464 0.261 0.424 0.042 65475.000 65489.000 65507.000
0.092 11.319 -6.986 0.444 0.287 0.171 65489.000 65495.000 65503.000
0.311 11.802 -7.471 0.491 0.035 0.328 65489.000 65495.000 65503.000
0.445 12.249 -7.850 0.617 0.034 0.180 65489.000 65495.000 65503.000
0.023 12.306 -6.763 0.772 0.013 0.044 65489.000 65495.000 65503.000
0.365 12.233 -6.408 -1.044 0.225 0.118 65489.000 65495.000 65503.000
-1.340 12.672 -6.531 -1.217 0.150 0.169 65494.000 65498.000 65504.000
-1.077 12.257 -5.775 -1.476 0.111 0.045 65494.000 65498.000 65504.000
0.423 10.921 -6.045 -1.860 0.153 0.008 65494.000 65498.000 65504.000
0.138 12.373 -6.463 -1.728 0.147 0.007 65494.000 65498.000 65504.000
0.894 17.645 -5.544 -1.072 0.086 0.037 65494.000 65498.000 65504.000
0.568 19.612 -4.951 0.160 0.231 0.165 65487.000 65503.000 65507.000
0.943 19.612 -5.686 -1.015 0.198 0.054 65487.000 65503.000 65507.000
-1.298 11.611 0.402 -3.389 0.345 0.266 65487.000 65503.000 65507.000
0.169 4.049 1.614 -3.199 0.585 0.123 65487.000 65503.000 65507.000
0.912 5.237 0.639 -1.373 0.291 0.077 65487.000 65503.000 65507.000
0.550 3.482 -1.356 -1.509 0.155 0.039 65480.000 65504.000 65516.000
0.325 1.841 0.567 -1.772 0.219 0.004 65480.000 65504.000 65516.000
1.006 4.065 0.323 -1.135 0.152 0.035 65480.000 65504.000 65516.000
1.041 9.169 1.953 0.711 0.076 0.100 65480.000 65504.000 65516.000
0.418 14.134 1.525 0.940 0.083 0.081 65480.000 65504.000 65516.000
0.802 11.750 0.405 -1.789 0.151 0.126 65467.000 65501.000 65525.000
-1.017 9.068 1.314 -1.863 0.145 0.214 65467.000 65501.000 65525.000
-1.094 9.873 3.077 -1.060 0.100 0.162 65467.000 65501.000 65525.000
-1.174 9.179 3.307 0.953 0.048 0.072 65467.000 65501.000 65525.000
0.278 7.034 3.527 -1.362 0.122 0.003 65462.000 65504.000 65534.000
0.265 5.395 2.633 -1.505 0.009 0.088 65462.000 65504.000 65534.000
0.408 5.312 1.219 -1.224 0.030 0.002 65462.000 65504.000 65534.000
0.089 7.814 2.199 0.474 0.052 0.095 65462.000 65504.000 65534.000
0.493 10.365 3.294 0.106 0.103 0.100 65462.000 65504.000 65534.000
0.805 9.015 3.432 0.517 0.123 0.093 65455.000 65497.000 9.000
0.195 7.833 4.139 0.550 0.080 0.037 65455.000 65497.000 9.000
0.468 9.368 3.557 0.233 0.077 0.010 65455.000 65497.000 9.000
0.403 9.910 4.230 0.222 0.036 0.012 65455.000 65497.000 9.000
0.023 8.201 4.191 0.395 0.031 0.049 65455.000 65497.000 9.000
0.076 7.583 4.149 0.157 0.009 0.082 65453.000 65497.000 17.000
0.167 8.604 3.933 0.180 0.015 0.083 65453.000 65497.000 17.000
0.447 8.744 3.642 0.171 0.013 0.083 65453.000 65497.000 17.000
0.302 7.863 3.416 0.131 0.034 0.060 65453.000 65497.000 17.000
0.077 7.703 3.483 0.310 0.061 0.051 65453.000 65497.000 17.000
0.019 8.297 3.435 0.536 0.061 0.055 65452.000 65496.000 14.000
0.034 8.695 3.339 0.663 0.046 0.067 65452.000 65496.000 14.000
0.250 8.390 3.491 0.742 0.063 0.079 65452.000 65496.000 14.000
0.266 8.022 3.054 0.867 0.030 0.090 65452.000 65496.000 14.000
0.102 8.056 2.713 1.048 0.027 0.084 65452.000 65496.000 14.000
0.021 8.192 2.483 1.247 0.037 0.103 65452.000 65498.000 22.000
0.070 7.993 2.200 1.406 0.036 0.106 65452.000 65498.000 22.000
0.028 7.951 2.018 1.581 0.057 0.077 65452.000 65498.000 22.000
0.037 8.306 1.731 1.768 0.058 0.041 65452.000 65498.000 22.000
0.010 8.655 1.649 1.962 0.022 0.001 65452.000 65498.000 22.000
0.076 9.015 1.217 2.106 0.007 0.064 65457.000 65497.000 5.000
0.301 9.382 0.472 2.160 0.052 0.114 65457.000 65497.000 5.000
0.275 10.146 0.011 2.298 0.203 0.177 65457.000 65497.000 5.000
0.025 10.718 0.338 2.561 0.315 0.228 65457.000 65497.000 5.000
0.247 11.288 0.442 2.742 0.301 0.276 65457.000 65497.000 5.000
0.875 12.534 -2.340 2.720 0.390 0.232 65467.000 65499.000 65535.000
0.326 14.177 -5.437 2.735 0.563 0.160 65467.000 65499.000 65535.000
0.295 12.993 -7.512 2.205 0.213 0.239 65467.000 65499.000 65535.000
0.456 10.966 -8.585 1.341 0.151 0.128 65467.000 65499.000 65535.000
-1.544 12.337 -8.344 1.372 0.216 0.002 65467.000 65499.000 65535.000
-1.529 14.986 -6.787 1.745 0.209 0.057 65487.000 65499.000 65519.000
0.000 14.744 -6.493 1.180 0.204 0.016 65487.000 65499.000 65519.000
0.174 12.738 -7.836 0.450 0.159 0.105 65487.000 65499.000 65519.000
0.154 12.081 -7.581 0.379 0.223 0.167 65487.000 65499.000 65519.000
0.070 11.941 -7.025 0.505 0.090 0.162 65487.000 65499.000 65519.000
0.857 11.425 -8.220 0.447 0.017 0.183 65497.000 65501.000 65509.000
0.606 11.435 -7.891 0.390 0.018 0.127 65497.000 65501.000 65509.000
0.238 11.422 -6.993 0.395 0.060 0.025 65497.000 65501.000 65509.000
0.537 11.380 -6.945 0.301 0.133 0.077 65497.000 65501.000 65509.000
0.247 11.414 -7.765 0.183 0.063 0.053 65497.000 65501.000 65509.000
0.523 11.300 -6.916 0.032 0.098 0.033 65492.000 65502.000 65506.000
0.951 10.878 -6.646 0.433 0.068 0.034 65492.000 65502.000 65506.000
-1.679 11.347 -7.631 0.652 0.292 0.017 65492.000 65502.000 65506.000
-1.422 11.640 -5.922 0.682 0.429 0.097 65492.000 65502.000 65506.000
0.776 10.623 -3.410 -1.060 0.385 0.105 65492.000 65502.000 65506.000
0.384 9.270 -3.538 -1.356 0.220 0.098 65494.000 65500.000 65502.000
0.371 9.285 -4.643 -1.170 0.020 0.158 65494.000 65500.000 65502.000
0.596 9.424 -4.094 -1.099 0.069 0.122 65494.000 65500.000 65502.000
0.823 8.349 -3.076 -1.288 0.152 0.065 65494.000 65500.000 65502.000
-1.108 7.144 -2.626 -1.335 0.204 0.057 65494.000 65500.000 65502.000
0.724 7.260 -2.612 -1.183 0.034 0.095 65477.000 65497.000 65503.000
0.071 7.739 -2.474 -1.244 0.062 0.113 65477.000 65497.000 65503.000
0.049 7.256 -2.329 -1.558 0.028 0.092 65477.000 65497.000 65503.000
0.221 5.651 -1.689 -1.803 0.044 0.047 65477.000 65497.000 65503.000
0.247 4.818 -1.276 -1.846 0.103 0.013 65477.000 65497.000 65503.000
0.049 4.762 -1.192 -1.850 0.168 0.044 65464.000 65490.000 65508.000
0.083 4.587 -1.164 -1.853 0.097 0.075 65464.000 65490.000 65508.000
0.023 3.959 -1.455 -1.910 0.116 0.133 65464.000 65490.000 65508.000
0.055 3.535 -1.242 -1.921 0.170 0.166 65464.000 65490.000 65508.000
0.008 4.016 -1.356 -1.884 0.254 0.144 65464.000 65490.000 65508.000
0.247 5.079 -1.549 -1.838 0.216 0.109 65450.000 65488.000 65518.000
0.125 6.096 -1.222 -1.831 0.089 0.110 65450.000 65488.000 65518.000
0.034 6.835 0.782 -1.748 0.053 0.085 65450.000 65488.000 65518.000
0.003 7.386 0.577 -1.507 0.133 0.065 65450.000 65488.000 65518.000
0.129 8.657 0.568 -1.188 0.144 0.062 65450.000 65488.000 65518.000
0.384 10.152 0.700 0.982 0.230 0.137 65438.000 65492.000 65530.000
0.104 10.382 0.246 0.912 0.478 0.285 65438.000 65492.000 65530.000
0.636 8.722 0.289 0.928 0.577 0.346 65438.000 65492.000 65530.000
0.738 8.251 0.769 0.668 0.507 0.281 65438.000 65492.000 65530.000
-1.280 8.912 1.222 0.385 0.469 0.196 65438.000 65492.000 65530.000
-1.594 8.421 1.850 0.502 0.260 0.100 65432.000 65490.000 12.000
-1.079 8.384 2.115 0.488 0.028 0.016 65432.000 65490.000 12.000
0.537 9.163 2.075 0.276 0.026 0.024 65432.000 65490.000 12.000
0.300 9.222 2.160 0.183 0.040 0.022 65432.000 65490.000 12.000
0.325 9.188 2.225 0.142 0.026 0.001 65432.000 65490.000 12.000
0.646 9.525 1.956 0.084 0.119 0.006 65432.000 65480.000 18.000
0.767 9.264 1.831 0.112 0.068 0.000 65432.000 65480.000 18.000
0.693 8.650 1.759 0.075 0.001 0.005 65432.000 65480.000 18.000
0.515 8.757 1.820 0.085 0.030 0.012 65432.000 65480.000 18.000
0.554 8.660 1.750 0.194 0.038 0.024 65432.000 65480.000 18.000
0.326 8.663 1.661 0.302 0.074 0.041 65435.000 65481.000 19.000
0.366 9.126 1.151 0.399 0.030 0.050 65435.000 65481.000 19.000
0.602 8.513 1.326 0.375 0.017 0.054 65435.000 65481.000 19.000
0.719 8.680 1.094 0.529 0.093 0.069 65435.000 65481.000 19.000
0.784 9.360 0.739 0.635 0.110 0.083 65435.000 65481.000 19.000
0.433 9.006 0.908 0.586 0.184 0.111 65433.000 65481.000 21.000
0.280 8.355 0.932 0.638 0.138 0.099 65433.000 65481.000 21.000
0.501 8.155 0.450 0.877 0.035 0.079 65433.000 65481.000 21.000
0.926 7.857 0.090 1.081 0.014 0.077 65433.000 65481.000 21.000
0.715 7.441 0.266 1.191 0.136 0.091 65433.000 65481.000 21.000
0.642 6.908 0.693 1.293 0.142 0.091 65433.000 65485.000 15.000
0.415 6.008 -1.167 1.446 0.103 0.097 65433.000 65485.000 15.000
0.281 3.830 -1.637 2.022 0.032 0.098 65433.000 65485.000 15.000
0.152 3.108 -1.618 2.313 0.056 0.092 65433.000 65485.000 15.000
0.112 2.655 -1.923 2.365 0.088 0.087 65440.000 65486.000 0.000
0.010 2.506 -1.778 2.248 0.120 0.106 65440.000 65486.000 0.000
0.268 2.873 -2.005 2.115 0.184 0.112 65440.000 65486.000 0.000
0.524 4.422 -2.594 2.117 0.141 0.084 65440.000 65486.000 0.000
-1.310 6.795 -3.102 2.175 0.001 0.047 65440.000 65486.000 0.000
0.209 7.906 -2.208 2.108 0.309 0.106 65451.000 65487.000 65523.000
0.337 7.116 -1.908 1.954 0.191 0.142 65451.000 65487.000 65523.000
0.155 6.935 -3.573 1.929 0.132 0.054 65451.000 65487.000 65523.000
0.022 9.079 -5.416 1.977 0.081 0.037 65451.000 65487.000 65523.000
0.495 11.061 -6.671 1.901 0.051 0.039 65451.000 65487.000 65523.000
0.185 11.520 -4.147 1.845 0.259 0.018 65463.000 65489.000 65509.000
-1.754 9.606 -3.173 1.401 0.648 0.083 65463.000 65489.000 65509.000
-2.009 9.290 -5.905 0.979 0.211 0.139 65463.000 65489.000 65509.000
-1.903 11.353 -9.040 1.085 0.141 0.090 65463.000 65489.000 65509.000
0.464 12.047 -8.100 1.209 0.243 0.033 65463.000 65489.000 65509.000
0.063 11.475 -5.257 0.791 0.013 0.000 65483.000 65495.000 65501.000
0.229 10.863 -7.099 0.029 0.027 0.094 65483.000 65495.000 65501.000
0.167 11.923 -10.062 0.080 0.031 0.062 65483.000 65495.000 65501.000
-1.080 12.601 -8.781 0.102 0.106 0.168 65483.000 65495.000 65501.000
-1.659 11.670 -6.520 0.418 0.265 0.251 65483.000 65495.000 65501.000
-1.509 10.930 -7.421 0.998 0.103 0.018 65499.000 65495.000 65497.000
0.967 11.275 -8.615 0.739 0.127 0.000 65499.000 65495.000 65497.000
0.919 11.094 -10.210 0.461 0.103 0.139 65499.000 65495.000 65497.000
0.851 12.196 -9.637 0.324 0.065 0.107 65499.000 65495.000 65497.000
-1.098 13.168 -9.247 0.701 0.164 0.029 65499.000 65495.000 65497.000
0.797 12.413 -9.394 -1.569 0.343 0.086 65503.000 65503.000 65505.000
0.987 10.391 -7.195 -2.411 0.399 0.123 65503.000 65503.000 65505.000
0.004 8.858 -6.418 -2.461 0.485 0.132 65503.000 65503.000 65505.000
0.106 10.269 -6.651 -2.011 0.421 0.221 65503.000 65503.000 65505.000
0.330 12.701 -7.445 -1.858 0.371 0.247 65503.000 65503.000 65505.000
0.417 16.959 -6.719 -1.471 0.382 0.144 65501.000 65501.000 65503.000
0.275 19.612 -2.446 0.993 0.435 0.057 65501.000 65501.000 65503.000
0.466 16.284 -4.025 -2.469 0.310 0.022 65501.000 65501.000 65503.000
0.240 7.522 0.914 -3.989 0.419 0.186 65501.000 65501.000 65503.000
0.014 4.544 0.107 -2.929 0.455 0.177 65501.000 65501.000 65503.000
0.835 5.331 -1.430 -1.783 0.212 0.131 65485.000 65509.000 65515.000
0.039 3.359 0.803 -2.088 0.300 0.154 65485.000 65509.000 65515.000
0.371 2.333 0.685 -1.994 0.149 0.250 65485.000 65509.000 65515.000
0.209 4.917 0.955 -1.332 0.069 0.267 65485.000 65509.000 65515.000
0.154 9.809 2.169 0.929 0.180 0.271 65485.000 65509.000 65515.000
0.948 14.902 1.142 0.958 0.445 0.128 65465.000 65503.000 65525.000
-1.246 14.866 1.373 -1.259 0.363 0.049 65465.000 65503.000 65525.000
0.566 10.074 1.856 -1.989 0.043 0.054 65465.000 65503.000 65525.000
0.567 7.746 3.116 -1.924 0.055 0.113 65465.000 65503.000 65525.000
0.541 7.487 3.973 -1.177 0.092 0.047 65465.000 65503.000 65525.000
0.944 7.569 3.567 -1.054 0.055 0.008 65458.000 65502.000 6.000
0.499 7.597 3.306 -1.224 0.009 0.044 65458.000 65502.000 6.000
0.274 7.170 3.180 -1.300 0.051 0.081 65458.000 65502.000 6.000
0.572 7.117 2.545 -1.101 0.062 0.023 65458.000 65502.000 6.000
0.416 9.229 3.156 0.542 0.211 0.018 65458.000 65502.000 6.000
0.035 9.947 4.323 0.460 0.278 0.061 65453.000 65495.000 15.000
0.429 7.940 4.216 0.793 0.292 0.085 65453.000 65495.000 15.000
0.828 7.790 4.193 0.596 0.258 0.116 65453.000 65495.000 15.000
0.798 9.357 4.648 0.229 0.188 0.053 65453.000 65495.000 15.000
0.982 9.364 4.255 0.266 0.101 0.028 65453.000 65495.000 15.000
0.591 7.704 3.982 0.367 0.023 0.037 65455.000 65497.000 21.000
0.051 7.093 4.106 0.114 0.068 0.052 65455.000 65497.000 21.000
0.153 7.807 4.102 0.196 0.021 0.065 65455.000 65497.000 21.000
0.055 8.313 4.223 0.291 0.043 0.076 65455.000 65497.000 21.000
0.385 8.022 4.085 0.333 0.072 0.090 65455.000 65497.000 21.000
0.440 8.033 4.143 0.481 0.034 0.080 65448.000 65496.000 22.000
0.599 8.468 4.138 0.659 0.019 0.066 65448.000 65496.000 22.000
0.542 8.427 3.809 0.727 0.007 0.047 65448.000 65496.000 22.000
0.146 7.969 3.581 0.800 0.046 0.034 65448.000 65496.000 22.000
0.116 7.714 3.426 0.929 0.041 0.049 65448.000 65496.000 22.000
0.284 7.745 3.361 1.167 0.047 0.047 65456.000 65496.000 22.000
0.326 8.489 3.019 1.455 0.043 0.042 65456.000 65496.000 22.000
0.322 8.366 2.167 1.480 0.016 0.060 65456.000 65496.000 22.000
0.232 7.390 2.080 1.597 0.053 0.061 65456.000 65496.000 22.000
0.095 7.562 1.871 1.990 0.075 0.021 65456.000 65496.000 22.000
0.039 8.517 1.988 2.234 0.074 0.004 65452.000 65500.000 14.000
0.386 9.318 1.101 2.190 0.024 0.047 65452.000 65500.000 14.000
0.492 9.637 0.749 2.009 0.287 0.088 65452.000 65500.000 14.000
0.234 9.909 0.213 2.248 0.277 0.069 65452.000 65500.000 14.000
0.879 9.795 0.988 2.644 0.150 0.220 65452.000 65500.000 14.000
0.268 10.267 0.666 2.728 0.383 0.226 65461.000 65497.000 65533.000
0.077 11.754 -2.284 2.826 0.545 0.225 65461.000 65497.000 65533.000
0.786 13.712 -3.640 3.068 0.687 0.192 65461.000 65497.000 65533.000
0.768 13.358 -7.647 2.817 0.738 0.198 65461.000 65497.000 65533.000
-1.016 11.319 -8.959 2.036 0.478 0.231 65461.000 65497.000 65533.000
-1.041 10.362 -8.851 1.641 0.456 0.198 65480.000 65498.000 65522.000
0.714 11.860 -8.637 2.001 0.377 0.150 65480.000 65498.000 65522.000
0.058 14.063 -8.228 2.032 0.204 0.106 65480.000 65498.000 65522.000
0.463 14.250 -8.129 1.311 0.102 0.164 65480.000 65498.000 65522.000
0.331 13.229 -7.047 0.653 0.019 0.162 65480.000 65498.000 65522.000
0.205 11.553 -7.586 0.301 0.031 0.175 65498.000 65498.000 65508.000
0.308 11.043 -9.617 0.393 0.023 0.136 65498.000 65498.000 65508.000
0.689 11.664 -8.833 0.761 0.018 0.144 65498.000 65498.000 65508.000
0.666 11.706 -7.362 0.684 0.005 0.137 65498.000 65498.000 65508.000
0.089 11.171 -8.270 0.291 0.056 0.071 65498.000 65498.000 65508.000
0.204 11.338 -8.880 0.292 0.086 0.102 65501.000 65501.000 65501.000
0.725 11.674 -7.896 0.298 0.038 0.113 65501.000 65501.000 65501.000
-1.450 11.079 -6.957 0.115 0.018 0.033 65501.000 65501.000 65501.000
0.647 10.202 -6.850 0.450 0.111 0.012 65501.000 65501.000 65501.000
0.324 10.105 -7.483 0.375 0.087 0.025 65501.000 65501.000 65501.000
0.287 10.158 -6.519 0.377 0.060 0.014 65501.000 65495.000 65501.000
0.486 9.916 -6.118 0.602 0.081 0.009 65501.000 65495.000 65501.000
0.811 9.914 -5.744 0.826 0.059 0.032 65501.000 65495.000 65501.000
0.556 9.589 -4.574 -1.055 0.120 0.006 65501.000 65495.000 65501.000
0.962 8.906 -4.770 -1.346 0.074 0.004 65501.000 65495.000 65501.000
0.998 8.926 -4.734 -1.537 0.072 0.040 65494.000 65492.000 65504.000
0.894 8.589 -4.033 -1.802 0.095 0.054 65494.000 65492.000 65504.000
0.100 7.380 -2.856 -2.112 0.145 0.062 65494.000 65492.000 65504.000
0.028 6.171 -2.665 -2.239 0.039 0.035 65494.000 65492.000 65504.000
0.248 5.770 -2.607 -2.135 0.000 0.019 65494.000 65492.000 65504.000
0.472 5.139 -2.369 -2.119 0.067 0.106 65478.000 65490.000 65504.000
0.141 4.192 -1.667 -2.216 0.161 0.183 65478.000 65490.000 65504.000
0.270 3.397 -1.741 -2.324 0.153 0.199 65478.000 65490.000 65504.000
0.636 3.445 -2.296 -2.415 0.121 0.161 65478.000 65490.000 65504.000
0.841 3.104 -2.504 -2.545 0.078 0.130 65478.000 65490.000 65504.000
0.724 2.524 -1.959 -2.451 0.009 0.089 65455.000 65487.000 65519.000
0.834 2.823 -1.303 -2.205 0.055 0.039 65455.000 65487.000 65519.000
0.963 4.004 -1.074 -2.040 0.105 0.022 65455.000 65487.000 65519.000
-1.174 5.963 0.980 -1.984 0.175 0.087 65455.000 65487.000 65519.000
-1.248 7.896 0.982 -1.743 0.227 0.186 65455.000 65487.000 65519.000
0.931 9.123 0.763 -1.073 0.226 0.264 65443.000 65479.000 65527.000
-1.074 9.819 -1.515 0.903 0.134 0.213 65443.000 65479.000 65527.000
0.865 10.828 -1.566 -1.039 0.129 0.175 65443.000 65479.000 65527.000
0.184 10.503 1.083 0.463 0.260 0.004 65443.000 65479.000 65527.000
0.102 8.244 2.251 0.768 0.139 0.010 65443.000 65479.000 65527.000
0.092 8.444 1.908 0.588 0.009 0.021 65434.000 65484.000 10.000
0.122 8.840 1.829 0.473 0.126 0.017 65434.000 65484.000 10.000
0.203 8.353 2.366 0.508 0.079 0.002 65434.000 65484.000 10.000
0.651 8.956 1.932 0.394 0.023 0.023 65434.000 65484.000 10.000
0.328 8.799 1.896 0.325 0.111 0.058 65434.000 65484.000 10.000
0.305 8.341 1.600 0.248 0.081 0.070 65430.000 65484.000 14.000
0.594 8.751 1.080 0.053 0.019 0.052 65430.000 65484.000 14.000
0.794 9.117 0.713 0.033 0.009 0.003 65430.000 65484.000 14.000
0.469 8.734 0.951 0.027 0.086 0.028 65430.000 65484.000 14.000
0.354 8.082 1.013 0.162 0.088 0.011 65430.000 65484.000 14.000
0.600 8.309 0.865 0.498 0.045 0.012 65434.000 65486.000 22.000
0.648 8.969 0.800 0.763 0.069 0.015 65434.000 65486.000 22.000
0.337 8.841 1.045 0.797 0.106 0.003 65434.000 65486.000 22.000
0.093 8.159 1.035 0.782 0.002 0.009 65434.000 65486.000 22.000
0.359 7.791 0.732 0.930 0.142 0.001 65434.000 65486.000 22.000
0.713 7.773 0.184 1.100 0.166 0.010 65431.000 65487.000 15.000
0.816 7.216 0.380 1.243 0.107 0.026 65431.000 65487.000 15.000
0.694 6.564 0.697 1.437 0.035 0.011 65431.000 65487.000 15.000
0.241 6.210 -1.100 1.642 0.156 0.018 65431.000 65487.000 15.000
0.197 5.832 -1.665 1.844 0.036 0.024 65431.000 65487.000 15.000
0.017 4.795 -2.193 2.089 0.266 0.009 65436.000 65486.000 12.000
0.028 3.920 -2.545 2.359 0.468 0.041 65436.000 65486.000 12.000
0.146 4.138 -2.873 2.572 0.559 0.100 65436.000 65486.000 12.000
0.604 5.043 -2.772 2.566 0.474 0.138 65436.000 65486.000 12.000
0.541 5.331 -1.959 2.279 0.209 0.106 65436.000 65486.000 12.000
0.725 4.546 -1.036 1.981 0.090 0.001 65443.000 65483.000 65533.000
0.946 4.359 -1.061 2.172 0.091 0.067 65443.000 65483.000 65533.000
-1.131 6.063 -3.179 2.314 0.221 0.047 65443.000 65483.000 65533.000
-1.525 6.514 -4.157 1.807 0.212 0.031 65443.000 65483.000 65533.000
0.616 7.121 -3.428 1.638 0.434 0.116 65443.000 65483.000 65533.000
0.393 8.303 -3.544 1.684 0.516 0.195 65463.000 65483.000 65513.000
0.679 9.155 -4.289 1.601 0.348 0.154 65463.000 65483.000 65513.000
0.275 10.283 -4.952 1.482 0.098 0.058 65463.000 65483.000 65513.000
0.488 10.445 -6.183 1.116 0.143 0.032 65463.000 65483.000 65513.000
0.082 8.847 -5.064 0.863 0.114 0.088 65463.000 65483.000 65513.000
0.272 8.684 -4.739 1.034 0.150 0.134 65477.000 65491.000 65499.000
-1.185 10.279 -6.611 1.097 0.429 0.160 65477.000 65491.000 65499.000
-1.751 11.514 -7.638 0.861 0.237 0.049 65477.000 65491.000 65499.000
0.468 11.361 -7.114 0.558 0.202 0.088 65477.000 65491.000 65499.000
0.905 10.904 -6.770 0.161 0.051 0.048 65477.000 65491.000 65499.000
0.331 12.073 -8.778 0.143 0.217 0.207 65494.000 65494.000 65498.000
0.957 13.121 -8.759 0.262 0.032 0.173 65494.000 65494.000 65498.000
-1.175 11.619 -8.616 0.730 0.130 0.009 65494.000 65494.000 65498.000
0.497 10.517 -9.318 -1.029 0.234 0.023 65494.000 65494.000 65498.000
0.605 11.931 -9.977 0.828 0.276 0.091 65494.000 65494.000 65498.000
0.712 13.089 -9.463 0.831 0.310 0.142 65499.000 65497.000 65507.000
0.220 13.036 -7.660 -1.251 0.255 0.244 65499.000 65497.000 65507.000
0.754 11.663 -7.599 -1.724 0.134 0.206 65499.000 65497.000 65507.000
0.908 10.664 -7.710 -1.931 0.039 0.195 65499.000 65497.000 65507.000
0.928 10.048 -6.345 -1.959 0.092 0.169 65499.000 65497.000 65507.000
0.452 10.223 -5.397 -2.072 0.172 0.090 65505.000 65501.000 65507.000
0.306 13.182 -5.505 -1.984 0.065 0.072 65505.000 65501.000 65507.000
0.189 19.612 -6.694 -1.145 0.008 0.060 65505.000 65501.000 65507.000
0.286 19.612 -8.313 0.583 0.443 0.261 65505.000 65501.000 65507.000
-1.566 19.612 -7.541 -1.174 0.412 0.147 65505.000 65501.000 65507.000
-1.274 6.203 3.035 -4.365 0.539 0.346 65490.000 65504.000 65510.000
0.193 0.490 0.539 -4.053 0.609 0.027 65490.000 65504.000 65510.000
-1.531 3.326 -2.354 -1.285 0.042 0.017 65490.000 65504.000 65510.000
0.185 0.784 -1.291 -1.871 0.176 0.073 65490.000 65504.000 65510.000
0.994 0.155 0.530 -1.986 0.191 0.071 65490.000 65504.000 65510.000
0.460 4.936 0.666 0.882 0.031 0.077 65474.000 65502.000 65520.000
0.337 12.995 2.981 0.772 0.002 0.070 65474.000 65502.000 65520.000
0.307 18.475 0.721 -1.405 0.067 0.169 65474.000 65502.000 65520.000
0.383 16.211 0.918 -1.750 0.145 0.407 65474.000 65502.000 65520.000
0.331 8.682 2.341 -2.624 0.211 0.063 65474.000 65502.000 65520.000
0.964 7.477 3.230 -2.194 0.259 0.064 65466.000 65500.000 65532.000
0.730 9.849 5.023 -1.089 0.235 0.018 65466.000 65500.000 65532.000
-1.843 8.441 2.964 -1.802 0.250 0.104 65466.000 65500.000 65532.000
-1.158 3.707 2.042 -2.519 0.084 0.076 65466.000 65500.000 65532.000
0.294 3.964 1.801 -1.497 0.201 0.131 65466.000 65500.000 65532.000
0.782 7.820 2.657 0.660 0.108 0.123 65454.000 65496.000 12.000
0.039 9.805 3.979 0.673 0.014 0.022 65454.000 65496.000 12.000
0.702 8.522 5.021 0.831 0.136 0.015 65454.000 65496.000 12.000
0.773 7.228 4.677 0.822 0.080 0.034 65454.000 65496.000 12.000
0.457 7.928 4.586 0.580 0.005 0.005 65454.000 65496.000 12.000
0.371 8.975 4.814 0.441 0.059 0.006 65450.000 65496.000 24.000
0.160 8.258 5.419 0.452 0.106 0.016 65450.000 65496.000 24.000
0.112 7.607 5.443 0.337 0.096 0.052 65450.000 65496.000 24.000
0.417 7.366 4.873 0.199 0.075 0.058 65450.000 65496.000 24.000
0.448 7.320 4.528 0.058 0.113 0.043 65450.000 65496.000 24.000
0.215 7.460 4.364 0.072 0.143 0.013 65449.000 65491.000 29.000
0.143 7.290 5.389 0.255 0.155 0.004 65449.000 65491.000 29.000
0.102 8.222 4.680 0.422 0.140 0.025 65449.000 65491.000 29.000
0.233 8.178 4.399 0.374 0.082 0.067 65449.000 65491.000 29.000
0.125 7.785 4.795 0.498 0.105 0.068 65449.000 65491.000 29.000
0.225 7.684 4.894 0.700 0.105 0.056 65453.000 65495.000 37.000
0.506 7.915 4.314 0.846 0.084 0.054 65453.000 65495.000 37.000
0.482 7.752 3.810 0.924 0.106 0.049 65453.000 65495.000 37.000
0.113 7.680 3.508 1.096 0.162 0.003 65453.000 65495.000 37.000
0.105 7.726 3.458 1.328 0.184 0.021 65453.000 65495.000 37.000
0.093 7.545 3.256 1.478 0.109 0.004 65447.000 65497.000 19.000
0.107 7.595 2.695 1.679 0.088 0.003 65447.000 65497.000 19.000
0.186 7.741 2.353 1.961 0.199 0.062 65447.000 65497.000 19.000
0.010 7.990 2.129 2.200 0.237 0.060 65447.000 65497.000 19.000
0.307 8.468 1.928 2.386 0.073 0.021 65447.000 65497.000 19.000
0.107 9.005 1.558 2.510 0.054 0.087 65457.000 65493.000 13.000
0.529 9.649 0.967 2.526 0.098 0.185 65457.000 65493.000 13.000
0.131 9.721 0.357 2.528 0.236 0.202 65457.000 65493.000 13.000
0.646 8.985 0.142 2.568 0.366 0.201 65457.000 65493.000 13.000
0.846 9.546 0.347 2.891 0.309 0.317 65457.000 65493.000 13.000
0.533 11.572 -2.551 3.140 0.585 0.315 65465.000 65497.000 1.000
0.969 13.376 -6.178 3.029 0.826 0.171 65465.000 65497.000 1.000
0.746 13.652 -6.015 3.008 0.439 0.232 65465.000 65497.000 1.000
0.713 12.798 -7.152 2.784 0.488 0.298 65465.000 65497.000 1.000
-1.234 11.458 -9.176 2.164 0.360 0.182 65465.000 65497.000 1.000
-1.306 11.536 -9.421 2.010 0.409 0.101 65477.000 65501.000 65517.000
0.375 13.560 -9.016 2.066 0.270 0.172 65477.000 65501.000 65517.000
1.373 14.618 -9.093 1.599 0.140 0.131 65477.000 65501.000 65517.000
0.094 13.667 -7.661 0.641 0.229 0.128 65477.000 65501.000 65517.000
0.804 11.244 -9.586 0.052 0.263 0.173 65477.000 65501.000 65517.000
-1.046 11.336 -9.084 0.429 0.212 0.197 65506.000 65502.000 65510.000
-1.094 11.927 -7.843 0.718 0.268 0.152 65506.000 65502.000 65510.000
-1.092 11.682 -7.990 0.506 0.311 0.119 65506.000 65502.000 65510.000
0.869 11.586 -9.769 0.325 0.272 0.138 65506.000 65502.000 65510.000
0.739 11.727 -10.050 0.243 0.191 0.170 65506.000 65502.000 65510.000
0.763 11.154 -7.690 0.045 0.069 0.157 65507.000 65501.000 65499.000
0.761 9.613 -6.791 0.366 0.028 0.087 65507.000 65501.000 65499.000
0.524 9.691 -8.173 0.132 0.096 0.070 65507.000 65501.000 65499.000
0.305 10.791 -8.039 0.035 0.189 0.062 65507.000 65501.000 65499.000
0.162 11.022 -7.485 0.445 0.201 0.025 65507.000 65501.000 65499.000
0.213 10.111 -5.738 -1.010 0.118 0.014 65502.000 65494.000 65496.000
0.663 9.192 -5.856 -1.280 0.085 0.002 65502.000 65494.000 65496.000
0.432 9.478 -5.428 -1.334 0.106 0.030 65502.000 65494.000 65496.000
0.490 9.788 -4.460 -1.599 0.093 0.021 65502.000 65494.000 65496.000
0.659 8.695 -3.761 -2.092 0.196 0.010 65502.000 65494.000 65496.000
0.208 7.093 -3.898 -2.350 0.005 0.015 65487.000 65485.000 65501.000
0.154 6.530 -3.722 -2.179 0.088 0.011 65487.000 65485.000 65501.000
0.785 6.830 -3.171 -2.076 0.045 0.075 65487.000 65485.000 65501.000
-1.054 5.986 -2.731 -2.321 0.066 0.103 65487.000 65485.000 65501.000
0.265 3.722 -2.056 -2.531 0.127 0.047 65469.000 65483.000 65507.000
0.391 2.888 -2.123 -2.570 0.137 0.036 65469.000 65483.000 65507.000
0.310 1.970 -2.446 -2.592 0.209 0.033 65469.000 65483.000 65507.000
0.569 1.970 -2.715 -2.391 0.132 0.011 65469.000 65483.000 65507.000
0.521 1.525 -1.584 -2.204 0.118 0.046 65469.000 65483.000 65507.000
0.004 1.904 0.878 -2.008 0.221 0.010 65454.000 65484.000 65524.000
0.268 3.450 -1.397 -1.958 0.250 0.029 65454.000 65484.000 65524.000
0.136 5.515 0.610 -1.842 0.262 0.000 65454.000 65484.000 65524.000
0.147 8.167 0.306 -1.509 0.237 0.094 65454.000 65484.000 65524.000
0.657 10.761 0.563 0.940 0.152 0.202 65454.000 65484.000 65524.000
0.939 12.033 -1.620 0.666 0.080 0.160 65438.000 65482.000 2.000
0.458 12.188 0.503 -1.137 0.173 0.120 65438.000 65482.000 2.000
0.450 9.355 1.168 0.913 0.156 0.119 65438.000 65482.000 2.000
0.083 7.644 1.600 0.827 0.004 0.193 65438.000 65482.000 2.000
0.286 8.464 1.769 0.428 0.036 0.184 65438.000 65482.000 2.000
0.650 8.474 1.987 0.438 0.092 0.128 65438.000 65486.000 8.000
0.375 7.879 2.657 0.535 0.007 0.043 65438.000 65486.000 8.000
0.349 8.966 2.542 0.266 0.063 0.052 65438.000 65486.000 8.000
0.184 9.409 2.493 0.165 0.086 0.065 65438.000 65486.000 8.000
0.208 9.270 2.291 0.226 0.133 0.097 65438.000 65486.000 8.000
0.328 9.599 2.000 0.261 0.159 0.096 65431.000 65483.000 13.000
0.330 9.411 1.970 0.303 0.124 0.057 65431.000 65483.000 13.000
0.612 9.003 2.007 0.207 0.067 0.021 65431.000 65483.000 13.000
0.620 9.095 2.092 0.022 0.030 0.017 65431.000 65483.000 13.000
0.463 9.193 2.279 0.165 0.064 0.029 65431.000 65483.000 13.000
0.281 8.977 2.134 0.184 0.027 0.010 65429.000 65485.000 21.000
0.177 8.930 2.105 0.203 0.050 0.006 65429.000 65485.000 21.000
0.308 9.113 1.863 0.225 0.131 0.006 65429.000 65485.000 21.000
0.332 9.206 2.020 0.244 0.123 0.000 65429.000 65485.000 21.000
0.186 9.409 2.073 0.287 0.055 0.007 65429.000 65485.000 21.000
0.530 9.337 1.523 0.254 0.040 0.008 65431.000 65481.000 21.000
0.311 8.616 1.817 0.225 0.059 0.008 65431.000 65481.000 21.000
0.105 8.664 1.240 0.405 0.088 0.004 65431.000 65481.000 21.000
0.093 8.747 1.098 0.523 0.038 0.004 65431.000 65481.000 21.000
0.099 8.401 0.809 0.606 0.022 0.006 65431.000 65481.000 21.000
0.002 8.504 0.845 0.772 0.052 0.025 65428.000 65480.000 22.000
0.093 8.398 0.392 0.880 0.107 0.032 65428.000 65480.000 22.000
0.168 7.994 0.239 0.991 0.055 0.003 65428.000 65480.000 22.000
0.299 8.040 0.044 1.229 0.014 0.007 65428.000 65480.000 22.000
0.207 7.937 0.293 1.385 0.039 0.006 65428.000 65480.000 22.000
0.280 7.140 0.762 1.424 0.014 0.019 65433.000 65481.000 11.000
0.839 6.015 -1.246 1.575 0.004 0.055 65433.000 65481.000 11.000
-1.194 4.929 -1.551 1.862 0.122 0.098 65433.000 65481.000 11.000
0.918 4.131 -1.975 2.144 0.282 0.136 65433.000 65481.000 11.000
0.685 3.192 -1.940 2.262 0.305 0.153 65433.000 65481.000 11.000
0.135 2.527 -1.776 2.368 0.289 0.191 65434.000 65478.000 0.000
0.155 3.004 -1.663 2.465 0.140 0.175 65434.000 65478.000 0.000
0.289 4.338 -2.256 2.332 0.074 0.146 65434.000 65478.000 0.000
0.505 4.872 -1.551 2.121 0.062 0.164 65434.000 65478.000 0.000
0.028 4.780 -1.763 2.142 0.032 0.231 65434.000 65478.000 0.000
0.198 5.246 -3.150 2.171 0.075 0.222 65453.000 65489.000 65521.000
0.852 6.675 -3.636 1.966 0.225 0.149 65453.000 65489.000 65521.000
0.841 7.769 -3.810 1.689 0.292 0.118 65453.000 65489.000 65521.000
0.839 7.483 -4.031 1.793 0.105 0.166 65453.000 65489.000 65521.000
0.381 8.737 -3.581 2.208 0.013 0.183 65453.000 65489.000 65521.000
0.043 10.618 -5.904 2.045 0.276 0.089 65470.000 65488.000 65504.000
0.617 12.385 -8.467 1.617 0.254 0.087 65470.000 65488.000 65504.000
0.788 12.671 -6.458 1.212 0.096 0.017 65470.000 65488.000 65504.000
0.169 10.508 -3.591 0.318 0.188 0.246 65470.000 65488.000 65504.000
-1.250 8.578 -6.477 0.289 0.231 0.315 65470.000 65488.000 65504.000
-2.591 10.363 -9.109 0.262 0.100 0.187 65487.000 65495.000 65497.000
-1.950 11.320 -9.497 0.848 0.081 0.021 65487.000 65495.000 65497.000
0.013 12.880 -7.111 0.915 0.340 0.146 65487.000 65495.000 65497.000
0.982 12.659 -9.928 0.046 0.528 0.171 65487.000 65495.000 65497.000
0.902 11.106 -12.776 0.843 0.215 0.095 65487.000 65495.000 65497.000
-1.511 12.697 -10.769 0.483 0.393 0.233 65499.000 65495.000 65495.000
-1.301 14.317 -7.010 0.525 0.417 0.258 65499.000 65495.000 65495.000
0.016 11.615 -8.089 -1.779 0.253 0.170 65499.000 65495.000 65495.000
0.828 10.304 -10.648 -2.059 0.077 0.118 65499.000 65495.000 65495.000
0.171 11.262 -7.898 -1.555 0.114 0.177 65499.000 65495.000 65495.000
-1.663 11.464 -6.965 -1.880 0.137 0.102 65511.000 65495.000 65501.000
0.914 10.615 -6.463 -2.482 0.078 0.027 65511.000 65495.000 65501.000
-1.304 10.884 -5.797 -2.532 0.045 0.026 65511.000 65495.000 65501.000
-2.043 19.485 -6.210 -1.444 0.011 0.183 65511.000 65495.000 65501.000
-1.578 19.612 -7.442 0.079 0.494 0.594 65511.000 65495.000 65501.000
0.741 19.612 -7.918 0.841 0.861 0.556 65502.000 65498.000 65510.000
0.875 7.866 2.115 -4.365 0.767 0.213 65502.000 65498.000 65510.000
1.605 -1.527 0.809 -4.357 0.783 0.000 65502.000 65498.000 65510.000
0.280 3.149 -2.500 -1.177 0.036 0.100 65502.000 65498.000 65510.000
0.870 1.482 -1.233 -1.669 0.216 0.037 65502.000 65498.000 65510.000
0.087 0.266 0.420 -2.050 0.110 0.186 65481.000 65499.000 65519.000
0.216 4.333 1.055 -1.146 0.003 0.284 65481.000 65499.000 65519.000
0.500 12.597 3.544 0.720 0.028 0.179 65481.000 65499.000 65519.000
0.639 19.061 0.580 -1.026 0.167 0.094 65481.000 65499.000 65519.000
-1.316 15.844 0.517 -1.554 0.208 0.151 65481.000 65499.000 65519.000
