2.406 9.471 -1.499 0.102 0.017 0.001 65471.000 65441.000 57.000
2.414 9.336 -1.428 0.105 0.010 0.000 65471.000 65441.000 57.000
2.510 9.354 -1.309 0.080 0.003 0.001 65471.000 65441.000 57.000
2.530 9.459 -1.331 0.084 0.031 0.017 65471.000 65441.000 57.000
2.610 9.544 -1.334 0.110 0.073 0.023 65471.000 65441.000 57.000
2.506 9.470 -1.272 0.130 0.098 0.012 65472.000 65442.000 58.000
2.553 9.616 -1.322 0.137 0.092 0.007 65472.000 65442.000 58.000
2.669 9.519 -1.136 0.120 0.088 0.006 65472.000 65442.000 58.000
2.671 9.519 0.955 0.115 0.135 0.008 65472.000 65442.000 58.000
2.715 9.661 0.841 0.137 0.168 0.018 65472.000 65442.000 58.000
2.796 9.891 0.859 0.175 0.175 0.037 65472.000 65446.000 64.000
2.839 9.955 0.810 0.195 0.239 0.059 65472.000 65446.000 64.000
2.637 9.843 0.840 0.234 0.316 0.091 65472.000 65446.000 64.000
2.413 9.703 0.739 0.274 0.306 0.160 65472.000 65446.000 64.000
2.164 9.664 0.697 0.318 0.246 0.233 65472.000 65446.000 64.000
2.201 9.636 0.588 0.371 0.210 0.294 65472.000 65444.000 58.000
2.516 9.841 0.508 0.395 0.236 0.294 65472.000 65444.000 58.000
3.023 10.201 0.298 0.367 0.363 0.247 65472.000 65444.000 58.000
3.162 10.107 0.119 0.359 0.560 0.191 65472.000 65444.000 58.000
2.968 9.782 0.039 0.380 0.665 0.189 65472.000 65444.000 58.000
2.640 9.352 0.010 0.403 0.642 0.237 65468.000 65454.000 68.000
2.468 9.343 0.215 0.345 0.594 0.285 65468.000 65454.000 68.000
2.317 9.789 0.052 0.324 0.684 0.299 65468.000 65454.000 68.000
2.352 9.206 0.040 0.366 0.795 0.314 65468.000 65454.000 68.000
2.470 9.156 0.337 0.288 0.874 0.365 65468.000 65454.000 68.000
2.469 9.624 0.120 0.274 0.886 0.397 65466.000 65454.000 70.000
2.348 9.147 0.208 0.297 0.860 0.391 65466.000 65454.000 70.000
1.721 8.822 0.465 0.199 0.949 0.383 65466.000 65454.000 70.000
1.259 9.501 0.717 0.091 0.962 0.405 65466.000 65454.000 70.000
1.608 9.719 0.922 0.181 0.812 0.428 65466.000 65454.000 70.000
1.917 9.036 0.968 0.318 0.764 0.430 65461.000 65451.000 81.000
1.807 8.759 1.128 0.259 0.826 0.421 65461.000 65451.000 81.000
1.502 8.895 1.010 0.198 0.882 0.404 65461.000 65451.000 81.000
1.465 9.095 0.993 0.211 0.884 0.393 65461.000 65451.000 81.000
1.640 9.194 0.982 0.237 0.841 0.406 65461.000 65451.000 81.000
1.893 8.886 1.406 0.236 0.810 0.396 65460.000 65464.000 84.000
1.752 9.102 1.341 0.190 0.883 0.357 65460.000 65464.000 84.000
1.456 9.348 1.265 0.169 0.918 0.352 65460.000 65464.000 84.000
1.473 9.312 1.677 0.183 0.849 0.370 65460.000 65464.000 84.000
1.296 9.196 1.921 0.217 0.849 0.356 65460.000 65464.000 84.000
0.853 9.094 1.849 0.187 0.836 0.393 65462.000 65468.000 86.000
0.663 9.137 1.932 0.128 0.654 0.442 65462.000 65468.000 86.000
0.666 9.206 2.055 0.088 0.490 0.424 65462.000 65468.000 86.000
0.629 9.679 2.309 0.029 0.445 0.423 65462.000 65468.000 86.000
0.620 9.837 2.200 0.069 0.375 0.461 65462.000 65468.000 86.000
0.754 9.473 2.342 0.119 0.271 0.502 65461.000 65477.000 93.000
0.973 9.015 2.849 0.091 0.223 0.496 65461.000 65477.000 93.000
0.757 9.102 2.562 0.046 0.278 0.463 65461.000 65477.000 93.000
0.497 9.876 2.516 0.187 0.170 0.444 65461.000 65477.000 93.000
0.699 11.074 2.194 0.011 0.154 0.359 65453.000 65477.000 97.000
1.768 12.133 1.471 0.067 0.255 0.195 65453.000 65477.000 97.000
2.710 12.325 0.058 0.057 0.183 0.052 65453.000 65477.000 97.000
0.921 11.827 0.814 0.074 1.049 0.120 65453.000 65477.000 97.000
0.043 10.424 0.134 0.007 1.084 0.139 65453.000 65477.000 97.000
0.961 8.852 0.062 0.150 0.948 0.243 65455.000 65485.000 99.000
-1.637 7.781 0.227 0.129 0.644 0.227 65455.000 65485.000 99.000
-1.930 7.177 0.076 0.004 0.163 0.092 65455.000 65485.000 99.000
-2.218 7.620 0.324 0.098 0.155 0.011 65455.000 65485.000 99.000
-1.209 9.121 0.918 0.201 0.262 0.020 65455.000 65485.000 99.000
0.051 10.542 0.694 0.196 0.075 0.047 65451.000 65483.000 95.000
0.100 10.813 0.270 0.044 0.645 0.089 65451.000 65483.000 95.000
0.806 10.427 0.058 0.217 0.982 0.017 65451.000 65483.000 95.000
-1.841 10.275 0.356 0.259 1.024 0.050 65451.000 65483.000 95.000
-1.897 9.648 0.859 0.235 0.735 0.104 65451.000 65483.000 95.000
-1.120 8.984 0.969 0.203 0.438 0.106 65452.000 65488.000 98.000
-1.042 8.623 0.806 0.126 0.404 0.029 65452.000 65488.000 98.000
0.602 8.704 1.063 0.061 0.424 0.049 65452.000 65488.000 98.000
0.008 8.908 1.248 0.077 0.466 0.086 65452.000 65488.000 98.000
0.001 8.949 1.185 0.123 0.551 0.054 65452.000 65488.000 98.000
0.192 9.130 1.188 0.110 0.582 0.024 65454.000 65484.000 106.000
0.577 9.223 1.200 0.157 0.623 0.103 65454.000 65484.000 106.000
-1.037 9.152 1.401 0.181 0.658 0.119 65454.000 65484.000 106.000
-1.280 9.301 1.738 0.121 0.650 0.069 65454.000 65484.000 106.000
0.815 9.095 1.996 0.108 0.545 0.043 65454.000 65484.000 106.000
0.398 9.079 1.963 0.093 0.497 0.066 65453.000 65493.000 101.000
0.497 9.416 1.752 0.088 0.521 0.111 65453.000 65493.000 101.000
0.426 9.284 1.805 0.164 0.539 0.153 65453.000 65493.000 101.000
0.263 9.059 2.379 0.176 0.593 0.209 65453.000 65493.000 101.000
0.405 9.594 2.261 0.085 0.716 0.269 65453.000 65493.000 101.000
0.615 9.911 2.279 0.071 0.772 0.323 65453.000 65499.000 103.000
0.506 9.937 2.294 0.136 0.772 0.370 65453.000 65499.000 103.000
0.628 10.014 2.370 0.171 0.814 0.380 65453.000 65499.000 103.000
0.505 10.395 2.717 0.155 0.834 0.360 65453.000 65499.000 103.000
-2.413 12.485 -2.488 0.305 1.023 0.192 65455.000 65501.000 107.000
0.942 9.654 0.462 0.560 0.113 0.219 65455.000 65501.000 107.000
1.711 9.278 0.061 0.023 0.092 0.101 65455.000 65501.000 107.000
1.948 8.607 0.308 0.110 0.753 0.254 65455.000 65501.000 107.000
1.424 7.502 0.408 0.059 1.238 0.275 65458.000 65504.000 112.000
0.319 8.808 0.041 0.023 1.150 0.220 65458.000 65504.000 112.000
0.174 10.860 0.361 0.006 0.698 0.186 65458.000 65504.000 112.000
0.235 10.676 0.824 0.343 0.338 0.154 65458.000 65504.000 112.000
0.931 10.194 0.415 0.662 0.060 0.075 65458.000 65504.000 112.000
0.627 9.586 0.366 0.755 0.151 0.068 65454.000 65506.000 116.000
0.944 8.528 1.159 0.662 0.175 0.159 65454.000 65506.000 116.000
2.151 7.881 1.355 0.391 0.055 0.100 65454.000 65506.000 116.000
2.003 8.141 1.594 0.092 0.409 0.042 65454.000 65506.000 116.000
1.132 8.640 1.842 0.077 0.536 0.121 65454.000 65506.000 116.000
0.011 9.156 1.577 0.286 0.456 0.046 65462.000 65520.000 118.000
0.143 8.639 1.596 0.383 0.333 0.037 65462.000 65520.000 118.000
0.312 8.743 1.994 0.287 0.211 0.092 65462.000 65520.000 118.000
0.347 8.755 2.359 0.199 0.126 0.132 65462.000 65520.000 118.000
0.050 8.848 2.479 0.149 0.069 0.154 65463.000 65517.000 119.000
0.029 8.858 2.774 0.139 0.048 0.165 65463.000 65517.000 119.000
0.339 8.627 3.025 0.175 0.108 0.154 65463.000 65517.000 119.000
0.593 8.492 2.950 0.124 0.038 0.130 65463.000 65517.000 119.000
0.772 8.798 3.031 0.032 0.008 0.111 65463.000 65517.000 119.000
0.393 9.543 2.875 0.083 0.033 0.111 65462.000 65520.000 128.000
0.095 8.912 3.004 0.331 0.144 0.187 65462.000 65520.000 128.000
0.433 8.378 3.298 0.367 0.413 0.272 65462.000 65520.000 128.000
0.702 9.312 3.218 0.208 0.423 0.296 65462.000 65520.000 128.000
0.651 9.666 3.295 0.176 0.319 0.307 65462.000 65520.000 128.000
0.289 9.379 3.949 0.253 0.225 0.344 65463.000 65527.000 125.000
0.288 9.631 4.887 0.233 0.217 0.392 65463.000 65527.000 125.000
-1.693 12.756 5.462 0.203 0.263 0.470 65463.000 65527.000 125.000
-2.561 15.097 2.151 0.174 0.583 0.464 65463.000 65527.000 125.000
1.066 10.858 1.297 0.640 0.985 0.313 65463.000 65527.000 125.000
1.152 9.237 0.460 0.243 0.235 0.138 65472.000 65524.000 124.000
-1.811 10.378 0.486 0.574 0.335 0.030 65472.000 65524.000 124.000
-3.254 8.616 0.972 0.441 0.083 0.017 65472.000 65524.000 124.000
-1.666 8.067 0.665 0.249 0.362 0.008 65472.000 65524.000 124.000
0.063 9.415 1.630 0.124 0.395 0.021 65472.000 65524.000 124.000
0.314 10.072 2.148 0.063 0.048 0.030 65465.000 65519.000 123.000
0.288 9.820 2.151 0.012 0.029 0.013 65465.000 65519.000 123.000
0.599 9.415 1.883 0.077 0.086 0.107 65465.000 65519.000 123.000
0.210 9.090 1.684 0.086 0.106 0.270 65465.000 65519.000 123.000
-1.367 8.726 2.039 0.008 0.305 0.309 65465.000 65519.000 123.000
-2.402 8.500 1.976 0.055 0.257 0.206 65469.000 65513.000 121.000
-2.495 7.965 1.782 0.020 0.058 0.071 65469.000 65513.000 121.000
-1.576 8.062 2.079 0.057 0.153 0.020 65469.000 65513.000 121.000
0.530 8.771 2.469 0.126 0.235 0.028 65469.000 65513.000 121.000
0.069 8.881 2.349 0.015 0.153 0.046 65469.000 65513.000 121.000
0.010 8.526 2.355 0.074 0.013 0.132 65472.000 65516.000 118.000
0.696 8.328 2.630 0.022 0.102 0.196 65472.000 65516.000 118.000
0.773 8.712 2.959 0.076 0.062 0.207 65472.000 65516.000 118.000
0.696 9.059 2.950 0.024 0.038 0.181 65472.000 65516.000 118.000
0.289 8.313 3.298 0.124 0.007 0.160 65472.000 65516.000 118.000
0.088 8.390 3.090 0.059 0.010 0.197 65471.000 65513.000 123.000
0.207 8.568 2.904 0.013 0.126 0.252 65471.000 65513.000 123.000
0.287 8.608 3.022 0.037 0.142 0.280 65471.000 65513.000 123.000
0.635 8.908 3.384 0.060 0.192 0.297 65471.000 65513.000 123.000
-1.367 9.138 3.082 0.020 0.262 0.239 65472.000 65516.000 124.000
-1.544 9.363 3.019 0.073 0.153 0.183 65472.000 65516.000 124.000
-1.471 9.728 3.222 0.074 0.006 0.154 65472.000 65516.000 124.000
0.293 10.257 4.193 0.028 0.118 0.161 65472.000 65516.000 124.000
1.273 12.846 4.961 0.078 0.004 0.214 65472.000 65516.000 124.000
0.418 15.058 2.285 0.114 0.548 0.243 65471.000 65523.000 125.000
-3.139 11.725 0.687 0.439 0.847 0.199 65471.000 65523.000 125.000
-1.039 10.411 0.210 0.212 0.303 0.063 65471.000 65523.000 125.000
1.027 10.087 0.149 0.198 0.654 0.121 65471.000 65523.000 125.000
1.037 7.811 0.544 0.039 0.094 0.071 65471.000 65523.000 125.000
1.225 7.441 1.975 0.096 0.225 0.014 65472.000 65512.000 128.000
0.007 9.631 1.389 0.170 0.548 0.019 65472.000 65512.000 128.000
0.836 10.800 1.464 0.106 0.336 0.043 65472.000 65512.000 128.000
-1.146 10.857 2.033 0.077 0.202 0.013 65472.000 65512.000 128.000
-1.951 10.770 1.183 0.296 0.586 0.066 65472.000 65512.000 128.000
-1.807 9.701 0.588 0.382 0.838 0.258 65476.000 65516.000 126.000
0.333 9.011 1.315 0.234 0.939 0.473 65476.000 65516.000 126.000
0.902 8.892 2.129 0.037 0.860 0.505 65476.000 65516.000 126.000
0.997 8.395 2.353 0.084 0.644 0.356 65476.000 65516.000 126.000
0.004 8.267 2.236 0.120 0.488 0.214 65476.000 65516.000 126.000
0.666 8.649 2.032 0.105 0.536 0.179 65477.000 65513.000 127.000
0.975 8.641 1.933 0.203 0.633 0.234 65477.000 65513.000 127.000
0.454 8.203 2.142 0.233 0.792 0.339 65477.000 65513.000 127.000
0.025 8.180 1.866 0.202 0.870 0.349 65477.000 65513.000 127.000
0.155 8.559 2.269 0.150 0.874 0.331 65477.000 65513.000 127.000
0.240 8.882 2.513 0.100 0.896 0.339 65478.000 65506.000 122.000
0.035 8.896 3.230 0.113 0.990 0.332 65478.000 65506.000 122.000
0.021 8.626 3.065 0.126 0.940 0.312 65478.000 65506.000 122.000
0.135 9.021 2.792 0.059 0.870 0.295 65478.000 65506.000 122.000
0.113 8.881 2.833 0.084 0.911 0.323 65478.000 65506.000 122.000
0.166 8.754 3.057 0.046 -1.012 0.347 65477.000 65499.000 125.000
0.283 9.202 3.052 0.022 -1.066 0.348 65477.000 65499.000 125.000
0.227 9.126 2.948 0.042 -1.152 0.377 65477.000 65499.000 125.000
0.128 8.732 3.135 0.019 -1.213 0.407 65477.000 65499.000 125.000
0.094 9.255 3.064 0.131 -1.146 0.396 65477.000 65499.000 125.000
0.372 9.992 3.496 0.143 -1.128 0.397 65482.000 65498.000 120.000
0.792 10.213 4.738 0.088 -1.238 0.443 65482.000 65498.000 120.000
-1.695 12.285 5.133 0.151 -1.379 0.526 65482.000 65498.000 120.000
-2.620 13.892 3.292 0.134 -1.613 0.566 65482.000 65498.000 120.000
-2.158 11.148 1.047 0.356 -1.820 0.571 65482.000 65498.000 120.000
0.798 9.643 0.053 0.103 -1.860 0.543 65478.000 65482.000 112.000
0.398 8.647 0.581 0.537 -1.604 0.582 65478.000 65482.000 112.000
-1.716 7.315 0.216 0.460 -1.346 0.533 65478.000 65482.000 112.000
-3.244 7.317 0.177 0.430 -1.549 0.481 65478.000 65482.000 112.000
-2.694 8.838 0.621 0.501 -1.986 0.504 65478.000 65482.000 112.000
-1.019 10.183 1.613 0.392 -2.175 0.548 65480.000 65472.000 110.000
0.094 10.728 2.032 0.280 -2.020 0.569 65480.000 65472.000 110.000
0.757 10.773 1.626 0.072 -1.359 0.356 65480.000 65472.000 110.000
-1.939 9.488 1.558 0.133 -1.255 0.281 65480.000 65472.000 110.000
-1.721 8.411 1.606 0.115 -1.527 0.292 65476.000 65460.000 94.000
-2.189 7.973 1.486 0.054 -1.559 0.361 65476.000 65460.000 94.000
-2.445 8.438 1.323 0.277 -1.609 0.479 65476.000 65460.000 94.000
-1.714 8.981 1.750 0.375 -1.801 0.565 65476.000 65460.000 94.000
-1.023 9.376 1.958 0.346 -1.873 0.575 65476.000 65460.000 94.000
-1.526 9.364 1.659 0.208 -1.780 0.531 65465.000 65459.000 83.000
-1.830 9.255 1.544 0.132 -1.777 0.501 65465.000 65459.000 83.000
-1.212 9.783 1.668 0.161 -1.815 0.485 65465.000 65459.000 83.000
-1.005 10.040 2.029 0.092 -1.682 0.470 65465.000 65459.000 83.000
0.984 9.670 2.559 0.031 -1.593 0.445 65465.000 65459.000 83.000
0.902 9.175 2.742 0.073 -1.587 0.441 65463.000 65455.000 71.000
-1.452 8.919 2.737 0.031 -1.465 0.431 65463.000 65455.000 71.000
-1.905 8.756 2.527 0.048 -1.425 0.440 65463.000 65455.000 71.000
-1.492 8.423 2.592 0.124 -1.495 0.436 65463.000 65455.000 71.000
0.797 8.933 2.731 0.195 -1.422 0.399 65463.000 65455.000 71.000
0.666 9.570 2.728 0.086 -1.173 0.336 65460.000 65452.000 64.000
0.834 9.246 2.588 0.174 -1.011 0.255 65460.000 65452.000 64.000
0.903 8.945 2.578 0.224 0.955 0.181 65460.000 65452.000 64.000
-1.295 9.328 2.736 0.114 0.878 0.102 65460.000 65452.000 64.000
-1.303 9.156 3.095 0.097 0.927 0.059 65460.000 65452.000 64.000
0.925 9.485 3.594 0.060 -1.020 0.026 65454.000 65460.000 50.000
0.970 10.453 3.392 0.049 0.906 0.001 65454.000 65460.000 50.000
0.939 11.550 2.993 0.150 0.816 0.024 65454.000 65460.000 50.000
-1.407 11.547 2.115 0.384 0.743 0.064 65454.000 65460.000 50.000
-1.312 10.666 1.191 0.496 0.796 0.141 65454.000 65460.000 50.000
0.975 9.170 0.026 0.419 0.802 0.196 65456.000 65458.000 46.000
0.798 7.337 0.244 0.225 0.721 0.236 65456.000 65458.000 46.000
0.527 8.242 0.666 0.277 0.859 0.243 65456.000 65458.000 46.000
0.735 10.441 1.660 0.385 0.632 0.146 65456.000 65458.000 46.000
0.450 10.694 2.110 0.093 0.420 0.117 65456.000 65458.000 46.000
-1.181 10.381 2.237 0.071 0.730 0.174 65456.000 65464.000 44.000
-1.577 11.040 2.035 0.093 -1.099 0.238 65456.000 65464.000 44.000
0.859 10.516 1.944 0.053 -1.369 0.323 65456.000 65464.000 44.000
0.275 8.893 2.181 0.107 -1.452 0.348 65456.000 65464.000 44.000
0.138 8.422 2.132 0.008 -1.201 0.316 65456.000 65464.000 44.000
0.410 8.686 2.039 0.081 -1.041 0.298 65447.000 65459.000 43.000
0.414 8.316 2.243 0.046 -1.105 0.291 65447.000 65459.000 43.000
0.389 8.446 2.201 0.140 -1.131 0.290 65447.000 65459.000 43.000
0.122 9.441 2.006 0.236 -1.119 0.296 65447.000 65459.000 43.000
0.004 9.379 1.897 0.039 -1.043 0.306 65447.000 65459.000 43.000
0.064 8.797 2.224 0.094 0.988 0.314 65446.000 65466.000 34.000
0.093 9.166 2.541 0.021 -1.003 0.299 65446.000 65466.000 34.000
0.034 9.322 2.521 0.032 0.978 0.270 65446.000 65466.000 34.000
0.100 9.040 2.619 0.090 0.953 0.263 65446.000 65466.000 34.000
0.128 8.684 3.075 0.078 0.953 0.261 65446.000 65466.000 34.000
0.119 8.531 3.234 0.001 0.846 0.256 65448.000 65476.000 32.000
0.046 8.587 3.162 0.098 0.714 0.269 65448.000 65476.000 32.000
0.130 8.779 3.162 0.143 0.651 0.277 65448.000 65476.000 32.000
0.100 8.839 3.266 0.086 0.608 0.304 65448.000 65476.000 32.000
0.130 8.816 3.035 0.055 0.569 0.342 65448.000 65476.000 32.000
0.146 9.046 2.992 0.136 0.581 0.355 65445.000 65477.000 23.000
0.086 9.265 3.099 0.192 0.594 0.361 65445.000 65477.000 23.000
0.272 9.536 2.639 0.155 0.510 0.365 65445.000 65477.000 23.000
0.383 9.101 3.288 0.128 0.535 0.381 65445.000 65477.000 23.000
0.027 9.539 3.679 0.225 0.589 0.389 65445.000 65477.000 23.000
0.243 10.043 3.381 0.164 0.460 0.366 65439.000 65483.000 19.000
0.310 9.502 3.590 0.045 0.430 0.386 65439.000 65483.000 19.000
0.013 9.524 4.150 0.070 0.399 0.387 65439.000 65483.000 19.000
0.046 10.660 4.287 0.116 0.217 0.350 65439.000 65483.000 19.000
0.512 12.229 3.161 0.057 0.102 0.323 65439.000 65483.000 19.000
0.563 12.416 1.673 0.053 0.245 0.265 65439.000 65483.000 21.000
1.326 10.988 0.908 0.360 0.060 0.104 65439.000 65483.000 21.000
-1.435 10.840 0.214 0.031 0.685 0.034 65439.000 65483.000 21.000
-3.483 9.971 0.378 0.252 0.487 0.007 65439.000 65483.000 21.000
-3.264 7.558 0.372 0.168 0.111 0.171 65439.000 65483.000 21.000
-2.539 6.017 0.050 0.237 0.462 0.296 65440.000 65488.000 22.000
-1.607 7.679 1.165 0.491 0.644 0.258 65440.000 65488.000 22.000
-1.246 9.862 1.580 0.387 0.495 0.140 65440.000 65488.000 22.000
0.515 10.304 1.397 0.061 0.254 0.092 65440.000 65488.000 22.000
0.348 10.103 1.371 0.027 0.083 0.072 65440.000 65488.000 22.000
0.317 10.218 1.315 0.052 0.188 0.081 65440.000 65490.000 16.000
-1.861 10.189 1.121 0.050 0.391 0.169 65440.000 65490.000 16.000
-2.560 9.430 1.186 0.104 0.289 0.138 65440.000 65490.000 16.000
-2.261 8.702 1.297 0.068 0.009 0.063 65440.000 65490.000 16.000
-1.315 8.468 1.624 0.021 0.261 0.010 65440.000 65490.000 16.000
0.483 8.548 2.001 0.086 0.261 0.013 65434.000 65490.000 20.000
0.107 8.881 2.039 0.119 0.108 0.054 65434.000 65490.000 20.000
0.171 8.986 2.074 0.071 0.035 0.124 65434.000 65490.000 20.000
0.562 8.833 2.096 0.031 0.164 0.159 65434.000 65490.000 20.000
-1.258 8.892 1.762 0.011 0.262 0.173 65434.000 65490.000 20.000
-1.298 8.808 2.409 0.003 0.177 0.147 65433.000 65489.000 17.000
-1.031 8.969 2.317 0.035 0.105 0.114 65433.000 65489.000 17.000
0.913 9.077 2.388 0.010 0.145 0.118 65433.000 65489.000 17.000
0.779 8.836 2.172 0.021 0.210 0.143 65433.000 65489.000 17.000
0.565 8.766 2.366 0.025 0.250 0.181 65433.000 65489.000 17.000
0.883 8.864 2.377 0.073 0.298 0.215 65435.000 65491.000 17.000
-1.086 9.593 2.591 0.018 0.246 0.228 65435.000 65491.000 17.000
-1.266 9.696 2.621 0.167 0.249 0.224 65435.000 65491.000 17.000
-1.124 9.518 2.904 0.271 0.249 0.204 65435.000 65491.000 17.000
-1.321 9.732 2.965 0.239 0.306 0.183 65435.000 65491.000 17.000
-1.054 9.773 3.228 0.237 0.259 0.178 65432.000 65488.000 18.000
0.627 13.831 4.175 0.148 0.412 0.258 65432.000 65488.000 18.000
0.791 15.947 1.726 0.027 0.831 0.255 65432.000 65488.000 18.000
-1.731 12.995 0.975 0.719 1.158 0.242 65432.000 65488.000 18.000
-1.529 9.418 -1.387 0.801 0.548 0.317 65434.000 65484.000 24.000
0.322 8.425 0.420 0.150 0.102 0.210 65434.000 65484.000 24.000
1.286 6.901 0.876 0.019 0.278 0.239 65434.000 65484.000 24.000
0.910 6.271 1.407 0.078 0.817 0.239 65434.000 65484.000 24.000
-1.052 8.364 0.955 0.138 1.204 0.165 65434.000 65484.000 24.000
-1.826 11.055 1.644 0.054 0.893 0.022 65432.000 65482.000 34.000
-1.713 11.356 2.171 0.080 0.437 0.031 65432.000 65482.000 34.000
-1.558 10.346 1.499 0.480 0.003 0.021 65432.000 65482.000 34.000
0.652 9.649 1.055 0.599 0.364 0.010 65432.000 65482.000 34.000
0.519 8.692 1.300 0.551 0.376 0.047 65432.000 65482.000 34.000
1.092 8.331 1.920 0.321 0.123 0.076 65439.000 65483.000 35.000
0.687 7.596 2.375 0.287 0.145 0.041 65439.000 65483.000 35.000
0.090 7.970 2.337 0.228 0.231 0.026 65439.000 65483.000 35.000
0.903 9.099 2.223 0.125 0.178 0.063 65439.000 65483.000 35.000
-1.198 8.769 2.287 0.213 0.019 0.003 65439.000 65483.000 35.000
0.714 8.094 2.552 0.217 0.184 0.087 65440.000 65478.000 40.000
0.098 8.653 2.689 0.004 0.330 0.149 65440.000 65478.000 40.000
0.147 9.196 3.058 0.027 0.353 0.151 65440.000 65478.000 40.000
0.150 9.112 3.484 0.114 0.320 0.132 65440.000 65478.000 40.000
0.452 8.793 3.557 0.194 0.314 0.116 65440.000 65478.000 40.000
0.403 8.469 3.341 0.168 0.364 0.131 65428.000 65482.000 44.000
0.441 8.502 3.167 0.063 0.375 0.162 65428.000 65482.000 44.000
0.616 8.445 3.029 0.000 0.442 0.217 65428.000 65482.000 44.000
0.622 8.765 3.133 0.016 0.585 0.288 65428.000 65482.000 44.000
0.438 8.880 3.135 0.110 0.717 0.341 65428.000 65482.000 44.000
0.197 8.951 2.943 0.176 0.748 0.367 65430.000 65480.000 42.000
0.122 9.252 2.899 0.125 0.730 0.368 65430.000 65480.000 42.000
0.480 9.454 3.624 0.111 0.814 0.342 65430.000 65480.000 42.000
0.482 10.202 4.947 0.128 0.744 0.269 65430.000 65480.000 42.000
0.858 13.239 5.543 0.107 0.511 0.193 65430.000 65480.000 42.000
-2.625 14.226 2.918 0.168 0.532 0.211 65432.000 65474.000 44.000
-1.321 10.383 1.883 0.644 0.922 0.227 65432.000 65474.000 44.000
-1.782 9.814 0.197 0.036 0.626 0.249 65432.000 65474.000 44.000
-2.856 9.162 0.499 0.620 0.547 0.269 65432.000 65474.000 44.000
-3.088 6.460 0.248 0.550 0.991 0.323 65432.000 65474.000 44.000
-1.844 6.332 0.907 0.682 -1.528 0.358 65426.000 65478.000 36.000
0.260 9.115 1.739 0.616 -1.695 0.274 65426.000 65478.000 36.000
0.102 10.809 2.310 0.195 -1.297 0.224 65426.000 65478.000 36.000
0.031 10.403 3.180 0.001 0.955 0.282 65426.000 65478.000 36.000
0.562 10.827 2.304 0.010 0.750 0.195 65426.000 65478.000 36.000
0.927 10.715 1.786 0.017 0.621 0.051 65418.000 65486.000 26.000
-1.234 9.433 1.684 0.022 0.649 0.016 65418.000 65486.000 26.000
-1.249 8.745 2.195 0.107 0.794 0.024 65418.000 65486.000 26.000
-1.314 8.216 2.364 0.154 0.881 0.092 65418.000 65486.000 26.000
-1.266 7.845 2.311 0.133 0.936 0.164 65418.000 65486.000 26.000
0.785 8.307 2.325 0.210 0.994 0.165 65421.000 65487.000 25.000
0.529 8.819 2.430 0.258 0.934 0.127 65421.000 65487.000 25.000
0.822 8.912 2.384 0.169 0.762 0.085 65421.000 65487.000 25.000
-1.406 8.695 2.421 0.078 0.669 0.083 65421.000 65487.000 25.000
-1.751 8.787 2.461 0.084 0.709 0.115 65421.000 65487.000 25.000
-1.519 9.120 2.466 0.051 0.847 0.144 65418.000 65490.000 20.000
0.937 9.068 2.825 0.084 0.976 0.162 65418.000 65490.000 20.000
0.703 8.801 3.113 0.185 0.926 0.137 65418.000 65490.000 20.000
0.948 8.496 3.100 0.178 0.750 0.088 65418.000 65490.000 20.000
-1.054 8.297 2.874 0.124 0.692 0.081 65418.000 65490.000 20.000
-1.084 8.605 2.902 0.042 0.684 0.090 65414.000 65504.000 16.000
-1.201 8.969 2.813 0.006 0.628 0.107 65414.000 65504.000 16.000
-1.173 8.990 2.537 0.008 0.658 0.123 65414.000 65504.000 16.000
0.684 9.106 2.646 0.031 0.762 0.090 65414.000 65504.000 16.000
0.256 9.454 3.010 0.045 0.799 0.003 65414.000 65504.000 16.000
0.858 9.731 3.408 0.036 0.732 0.169 65412.000 65494.000 14.000
0.788 10.305 3.726 0.111 0.570 0.300 65412.000 65494.000 14.000
0.568 11.926 3.876 0.093 0.398 0.331 65412.000 65494.000 14.000
-1.717 12.695 2.055 0.228 0.054 0.210 65412.000 65494.000 14.000
-3.633 11.794 0.125 0.405 0.107 0.080 65412.000 65494.000 14.000
-2.626 10.487 0.940 0.306 0.736 0.166 65418.000 65504.000 8.000
-1.001 9.503 0.421 0.090 -1.030 0.339 65418.000 65504.000 8.000
0.514 8.431 0.325 0.055 0.963 0.399 65418.000 65504.000 8.000
0.501 9.035 1.638 0.238 -1.004 0.430 65418.000 65504.000 8.000
0.821 11.165 2.383 0.305 -1.144 0.423 65418.000 65504.000 8.000
-1.034 10.965 2.578 0.167 -1.239 0.356 65410.000 65502.000 8.000
-1.792 10.326 2.114 0.365 -1.223 0.356 65410.000 65502.000 8.000
-2.024 10.348 1.225 0.154 -1.463 0.463 65410.000 65502.000 8.000
0.981 9.206 1.131 0.149 -1.844 0.547 65410.000 65502.000 8.000
0.010 8.640 1.478 0.026 -1.947 0.567 65410.000 65502.000 8.000
0.329 9.095 1.678 0.135 -1.894 0.517 65411.000 65513.000 9.000
0.202 8.994 1.801 0.062 -1.809 0.474 65411.000 65513.000 9.000
-1.231 8.883 1.521 0.041 -1.811 0.475 65411.000 65513.000 9.000
-1.881 9.536 1.322 0.168 -1.994 0.517 65411.000 65513.000 9.000
-1.665 10.028 1.375 0.149 -2.276 0.604 65411.000 65513.000 9.000
-1.187 9.445 1.154 0.017 -2.485 0.671 65411.000 65525.000 7.000
0.572 8.956 1.107 0.029 -2.609 0.709 65411.000 65525.000 7.000
0.227 9.079 1.337 0.136 -2.599 0.699 65411.000 65525.000 7.000
0.083 9.385 1.397 0.205 -2.557 0.664 65411.000 65525.000 7.000
0.086 9.082 1.309 0.094 -2.541 0.647 65411.000 65525.000 7.000
0.071 8.991 1.537 0.087 -2.453 0.646 65411.000 7.000 9.000
0.319 9.659 1.528 0.207 -2.447 0.651 65411.000 7.000 9.000
0.051 9.388 1.614 0.141 -2.541 0.668 65411.000 7.000 9.000
0.067 8.969 1.905 0.091 -2.521 0.694 65411.000 7.000 9.000
0.396 9.679 1.470 0.185 -2.437 0.713 65411.000 7.000 9.000
0.135 9.599 1.886 0.092 -2.468 0.756 65412.000 20.000 12.000
0.266 9.339 1.709 0.004 -2.408 0.783 65412.000 20.000 12.000
0.002 9.662 1.359 0.016 -2.288 0.758 65412.000 20.000 12.000
0.446 9.902 1.405 0.043 -2.305 0.754 65412.000 20.000 12.000
0.451 10.217 2.081 0.076 -2.400 0.780 65412.000 20.000 12.000
-1.143 10.861 1.669 0.104 -2.343 0.807 65414.000 30.000 20.000
-2.024 10.526 0.676 0.002 -2.376 0.852 65414.000 30.000 20.000
-1.924 9.728 0.201 0.075 -2.616 0.941 65414.000 30.000 20.000
-1.549 9.200 0.272 0.017 -2.777 0.996 65414.000 30.000 20.000
-1.140 9.442 0.441 0.104 -2.785 0.911 65414.000 30.000 20.000
-1.064 9.478 0.593 0.116 -2.630 0.819 65424.000 48.000 36.000
0.932 9.277 1.082 0.069 -2.505 0.796 65424.000 48.000 36.000
0.858 10.127 1.345 0.047 -2.330 0.723 65424.000 48.000 36.000
-1.033 10.803 1.408 0.073 -2.090 0.619 65424.000 48.000 36.000
-1.130 10.163 1.873 0.276 -1.984 0.560 65424.000 48.000 36.000
-1.051 9.328 1.884 0.260 -1.948 0.555 65430.000 56.000 52.000
0.646 9.542 1.389 0.024 -1.927 0.538 65430.000 56.000 52.000
0.767 9.633 1.315 0.154 -1.814 0.485 65430.000 56.000 52.000
-1.084 8.924 1.520 0.113 -1.724 0.456 65430.000 56.000 52.000
-1.541 8.304 1.830 0.114 -1.665 0.469 65430.000 56.000 52.000
-2.078 8.906 1.856 0.170 -1.672 0.496 65430.000 60.000 62.000
-2.479 9.708 1.849 0.095 -1.765 0.516 65430.000 60.000 62.000
-1.808 9.519 2.311 0.079 -1.930 0.542 65430.000 60.000 62.000
-1.200 8.894 2.603 0.169 -1.889 0.523 65430.000 60.000 62.000
0.887 8.991 2.868 0.074 -1.738 0.473 65430.000 60.000 62.000
0.755 9.695 2.486 0.041 -1.580 0.393 65440.000 60.000 70.000
0.997 9.030 2.880 0.045 -1.412 0.336 65440.000 60.000 70.000
0.945 8.840 3.198 0.002 -1.414 0.318 65440.000 60.000 70.000
0.964 9.100 3.266 0.018 -1.339 0.272 65440.000 60.000 70.000
-1.118 8.765 2.952 0.004 -1.193 0.239 65440.000 60.000 70.000
-1.148 8.585 3.246 0.043 -1.098 0.224 65441.000 57.000 83.000
0.901 8.954 3.463 0.104 -1.046 0.181 65441.000 57.000 83.000
-1.073 8.899 3.388 0.003 0.933 0.141 65441.000 57.000 83.000
-1.255 8.705 3.465 0.089 0.853 0.117 65441.000 57.000 83.000
-1.308 8.902 3.531 0.071 0.794 0.103 65441.000 57.000 83.000
-1.244 9.259 3.904 0.060 0.740 0.095 65448.000 52.000 94.000
-1.307 9.151 4.053 0.142 0.664 0.079 65448.000 52.000 94.000
-1.209 8.883 4.015 0.148 0.619 0.055 65448.000 52.000 94.000
-1.065 9.270 4.078 0.101 0.613 0.019 65448.000 52.000 94.000
-1.175 9.580 4.371 0.146 0.568 0.033 65448.000 52.000 94.000
-1.235 10.530 4.278 0.164 0.438 0.057 65445.000 53.000 97.000
-1.568 12.440 3.309 0.098 0.303 0.004 65445.000 53.000 97.000
-3.129 10.438 1.991 0.313 0.253 0.159 65445.000 53.000 97.000
-2.302 9.666 0.872 0.152 0.768 0.339 65445.000 53.000 97.000
0.942 11.851 0.897 0.340 0.981 0.371 65445.000 53.000 97.000
0.116 10.134 0.592 0.013 0.656 0.265 65447.000 47.000 97.000
0.701 6.727 0.550 0.319 0.482 0.166 65447.000 47.000 97.000
1.025 7.114 0.672 0.109 0.200 0.033 65447.000 47.000 97.000
0.731 9.758 1.011 0.383 0.023 0.064 65447.000 47.000 97.000
0.052 10.450 1.680 0.144 0.178 0.051 65447.000 47.000 97.000
0.723 10.055 2.562 0.054 0.446 0.002 65444.000 44.000 108.000
0.916 10.991 1.908 0.000 0.534 0.100 65444.000 44.000 108.000
0.500 10.583 1.522 0.170 0.585 0.160 65444.000 44.000 108.000
0.423 9.084 2.139 0.243 0.682 0.184 65444.000 44.000 108.000
0.454 8.548 2.559 0.069 0.555 0.088 65444.000 44.000 108.000
0.045 8.051 2.211 0.070 0.380 0.012 65447.000 43.000 111.000
0.475 8.007 2.294 0.231 0.289 0.015 65447.000 43.000 111.000
0.633 8.597 2.221 0.390 0.304 0.013 65447.000 43.000 111.000
0.380 8.981 2.274 0.318 0.362 0.064 65447.000 43.000 111.000
0.100 8.767 2.511 0.117 0.410 0.099 65447.000 43.000 111.000
0.378 8.512 2.527 0.040 0.468 0.090 65449.000 41.000 105.000
0.665 8.616 2.658 0.083 0.412 0.041 65449.000 41.000 105.000
0.464 8.925 2.804 0.116 0.271 0.007 65449.000 41.000 105.000
0.276 8.967 3.130 0.111 0.227 0.000 65449.000 41.000 105.000
0.029 8.984 3.087 0.087 0.204 0.007 65449.000 41.000 105.000
0.225 8.762 3.021 0.102 0.202 0.042 65447.000 35.000 111.000
0.137 8.659 3.217 0.177 0.258 0.086 65447.000 35.000 111.000
0.146 8.808 3.075 0.264 0.248 0.114 65447.000 35.000 111.000
0.381 9.154 2.718 0.269 0.211 0.129 65447.000 35.000 111.000
0.289 9.327 2.673 0.176 0.282 0.163 65447.000 35.000 111.000
0.057 9.282 2.861 0.072 0.316 0.185 65450.000 34.000 110.000
0.058 9.457 2.983 0.060 0.329 0.201 65450.000 34.000 110.000
0.456 9.781 3.295 0.052 0.322 0.190 65450.000 34.000 110.000
0.124 9.840 3.396 0.121 0.207 0.228 65450.000 34.000 110.000
0.736 10.141 3.866 0.199 0.251 0.304 65453.000 35.000 107.000
-1.849 12.439 4.594 0.174 0.346 0.387 65453.000 35.000 107.000
-2.205 14.592 2.075 0.059 0.595 0.403 65453.000 35.000 107.000
0.277 11.463 0.859 0.632 0.733 0.328 65453.000 35.000 107.000
0.077 9.599 0.074 0.294 0.073 0.280 65453.000 35.000 107.000
-1.092 9.810 0.702 0.343 0.182 0.138 65460.000 32.000 110.000
-2.079 7.923 0.972 0.222 0.112 0.041 65460.000 32.000 110.000
-1.731 5.985 0.621 0.140 0.319 0.111 65460.000 32.000 110.000
0.894 7.917 1.472 0.331 0.738 0.128 65460.000 32.000 110.000
0.829 11.360 1.951 0.298 0.682 0.064 65460.000 32.000 110.000
0.223 11.744 1.747 0.057 0.399 0.083 65454.000 28.000 114.000
0.638 9.399 1.588 0.509 0.081 0.135 65454.000 28.000 114.000
0.152 9.336 1.203 0.363 0.203 0.008 65454.000 28.000 114.000
-1.802 10.001 1.646 0.073 0.375 0.138 65454.000 28.000 114.000
-2.206 9.181 2.063 0.172 0.200 0.163 65454.000 28.000 114.000
-1.845 7.960 2.012 0.256 0.038 0.093 65459.000 31.000 115.000
-1.406 7.863 1.928 0.120 0.116 0.018 65459.000 31.000 115.000
0.957 8.732 1.996 0.102 0.089 0.025 65459.000 31.000 115.000
0.569 8.902 2.207 0.106 0.029 0.014 65459.000 31.000 115.000
0.487 8.450 2.328 0.023 0.020 0.030 65459.000 31.000 115.000
0.846 8.432 2.196 0.032 0.099 0.066 65466.000 30.000 114.000
-1.334 8.785 2.118 0.004 0.160 0.078 65466.000 30.000 114.000
-1.335 9.038 2.415 0.009 0.090 0.057 65466.000 30.000 114.000
0.988 9.062 2.831 0.044 0.034 0.033 65466.000 30.000 114.000
0.792 9.012 2.981 0.079 0.045 0.028 65466.000 30.000 114.000
0.575 8.641 2.940 0.103 0.064 0.047 65459.000 29.000 109.000
0.612 8.493 2.852 0.060 0.125 0.085 65459.000 29.000 109.000
0.713 8.862 2.809 0.013 0.182 0.113 65459.000 29.000 109.000
0.636 9.044 3.004 0.042 0.261 0.119 65459.000 29.000 109.000
-1.240 9.190 2.773 0.155 0.385 0.135 65459.000 29.000 109.000
-1.538 9.099 3.309 0.166 0.339 0.113 65464.000 32.000 114.000
-1.618 9.379 3.228 0.114 0.226 0.080 65464.000 32.000 114.000
-1.703 9.643 3.436 0.119 0.167 0.069 65464.000 32.000 114.000
-1.073 9.470 3.822 0.221 0.084 0.056 65464.000 32.000 114.000
0.264 10.998 5.082 0.202 0.094 0.108 65464.000 32.000 114.000
1.194 14.482 3.939 0.029 0.355 0.190 65463.000 25.000 111.000
0.420 13.366 1.762 0.328 0.735 0.200 65463.000 25.000 111.000
-1.758 10.505 1.127 0.654 0.591 0.241 65463.000 25.000 111.000
0.827 10.415 0.228 0.001 0.172 0.195 65463.000 25.000 111.000
0.056 8.821 0.371 0.073 0.202 0.109 65463.000 25.000 111.000
0.945 6.186 0.488 0.088 0.394 0.135 65468.000 30.000 112.000
1.080 6.198 0.905 0.061 0.844 0.151 65468.000 30.000 112.000
0.108 9.418 0.978 0.168 1.200 0.183 65468.000 30.000 112.000
0.568 11.565 2.009 0.017 0.929 0.150 65468.000 30.000 112.000
-1.195 10.705 2.886 0.338 0.547 0.121 65468.000 30.000 112.000
-1.982 10.308 1.768 0.509 0.281 0.068 65466.000 30.000 110.000
-1.170 10.516 1.229 0.338 0.099 0.071 65466.000 30.000 110.000
0.512 9.483 1.750 0.362 0.215 0.102 65466.000 30.000 110.000
1.128 8.409 2.121 0.318 0.126 0.025 65466.000 30.000 110.000
0.895 7.873 2.286 0.200 0.480 0.037 65466.000 30.000 110.000
0.181 7.797 2.464 0.106 0.660 0.117 65470.000 36.000 106.000
0.342 8.522 2.558 0.055 0.666 0.167 65470.000 36.000 106.000
0.290 8.992 2.424 0.092 0.594 0.158 65470.000 36.000 106.000
0.180 8.639 2.404 0.027 0.507 0.110 65470.000 36.000 106.000
0.547 8.407 2.738 0.051 0.460 0.083 65470.000 36.000 106.000
0.448 9.289 2.779 0.023 0.521 0.082 65473.000 33.000 107.000
0.047 9.586 2.598 0.128 0.603 0.088 65473.000 33.000 107.000
0.095 8.729 3.092 0.295 0.528 0.050 65473.000 33.000 107.000
0.106 8.699 3.155 0.230 0.486 0.031 65473.000 33.000 107.000
0.019 8.915 3.143 0.166 0.567 0.044 65473.000 33.000 107.000
0.219 8.643 3.300 0.164 0.650 0.032 65473.000 27.000 105.000
0.069 8.500 3.365 0.113 0.616 0.011 65473.000 27.000 105.000
0.201 8.882 3.100 0.077 0.605 0.009 65473.000 27.000 105.000
0.165 8.968 3.154 0.147 0.600 0.003 65473.000 27.000 105.000
0.071 8.744 3.190 0.232 0.553 0.026 65473.000 27.000 105.000
0.475 8.914 3.373 0.202 0.567 0.073 65478.000 38.000 104.000
-1.191 9.272 3.748 0.230 0.598 0.182 65478.000 38.000 104.000
-1.763 9.481 4.007 0.354 0.541 0.325 65478.000 38.000 104.000
-2.311 11.396 3.623 0.341 0.463 0.438 65478.000 38.000 104.000
-1.320 12.577 2.754 0.315 0.238 0.440 65478.000 38.000 104.000
1.001 11.540 2.064 0.502 0.029 0.289 65475.000 41.000 99.000
0.797 9.721 0.039 0.371 0.389 0.051 65475.000 41.000 99.000
0.116 7.777 0.051 0.053 0.688 0.219 65475.000 41.000 99.000
0.354 8.465 0.991 0.415 0.838 0.400 65475.000 41.000 99.000
0.185 11.065 1.667 0.534 1.052 0.469 65475.000 41.000 99.000
0.909 11.449 2.354 0.094 1.291 0.418 65487.000 45.000 107.000
0.836 10.466 2.949 0.262 1.564 0.403 65487.000 45.000 107.000
0.398 10.757 2.304 0.185 1.671 0.506 65487.000 45.000 107.000
0.384 10.419 1.492 0.093 1.620 0.664 65487.000 45.000 107.000
0.040 8.919 1.474 0.157 1.786 0.764 65487.000 45.000 107.000
0.665 7.886 1.794 0.118 1.998 0.766 65480.000 48.000 98.000
-1.259 7.837 1.877 0.012 2.095 0.707 65480.000 48.000 98.000
-1.289 8.908 1.289 0.017 2.140 0.621 65480.000 48.000 98.000
0.737 9.113 1.370 0.119 2.079 0.586 65480.000 48.000 98.000
0.126 9.254 1.886 0.131 2.036 0.595 65480.000 48.000 98.000
0.039 9.820 1.940 0.135 2.268 0.670 65478.000 62.000 88.000
0.500 9.558 1.740 0.239 2.408 0.728 65478.000 62.000 88.000
-1.103 9.095 1.862 0.210 2.409 0.756 65478.000 62.000 88.000
-1.578 9.405 1.832 0.012 2.338 0.727 65478.000 62.000 88.000
-1.674 9.508 2.170 0.013 2.135 0.635 65478.000 62.000 88.000
-1.551 9.221 2.316 0.089 1.923 0.533 65475.000 65.000 73.000
-1.312 8.807 2.366 0.118 1.792 0.466 65475.000 65.000 73.000
-1.052 8.525 2.480 0.074 1.704 0.435 65475.000 65.000 73.000
0.925 8.540 2.606 0.033 1.623 0.449 65475.000 65.000 73.000
0.802 8.848 2.925 0.134 1.603 0.458 65475.000 65.000 73.000
0.928 9.366 2.964 0.077 1.667 0.479 65469.000 61.000 55.000
-1.059 9.600 2.864 0.040 1.721 0.513 65469.000 61.000 55.000
-1.069 9.373 2.906 0.108 1.691 0.557 65469.000 61.000 55.000
-1.274 9.518 2.932 0.017 1.707 0.595 65469.000 61.000 55.000
-1.565 9.650 3.026 0.024 1.664 0.585 65469.000 61.000 55.000
-1.407 9.314 3.195 0.079 1.419 0.562 65467.000 67.000 49.000
0.946 9.297 3.453 0.119 1.227 0.545 65467.000 67.000 49.000
0.606 9.531 3.441 0.193 1.182 0.557 65467.000 67.000 49.000
0.515 10.395 3.538 0.227 1.304 0.584 65467.000 67.000 49.000
0.463 11.972 3.099 0.206 1.426 0.605 65467.000 67.000 49.000
0.168 12.436 2.275 0.299 1.445 0.627 65463.000 65.000 35.000
0.316 11.241 0.318 0.377 1.374 0.710 65463.000 65.000 35.000
0.043 9.552 0.906 0.127 1.148 0.754 65463.000 65.000 35.000
0.294 8.461 0.268 0.191 0.982 0.706 65463.000 65.000 35.000
0.169 7.700 0.270 0.214 0.869 0.616 65463.000 65.000 35.000
0.507 6.877 1.231 0.029 1.128 0.540 65457.000 59.000 23.000
0.372 7.924 1.808 0.061 1.312 0.377 65457.000 59.000 23.000
-1.119 11.210 1.489 0.179 1.326 0.273 65457.000 59.000 23.000
-1.167 12.024 1.594 0.101 0.958 0.196 65457.000 59.000 23.000
-1.449 10.127 1.632 0.350 0.602 0.259 65457.000 59.000 23.000
0.629 10.046 1.377 0.253 0.276 0.242 65450.000 48.000 18.000
0.043 8.880 1.771 0.192 0.329 0.125 65450.000 48.000 18.000
0.328 7.383 2.351 0.151 0.428 0.091 65450.000 48.000 18.000
0.768 7.475 2.351 0.069 0.419 0.087 65450.000 48.000 18.000
0.738 8.660 2.116 0.220 0.304 0.086 65451.000 41.000 9.000
0.161 8.726 2.226 0.126 0.223 0.043 65451.000 41.000 9.000
0.280 8.611 2.302 0.070 0.189 0.000 65451.000 41.000 9.000
0.325 9.212 2.200 0.087 0.237 0.002 65451.000 41.000 9.000
0.056 9.643 2.363 0.069 0.277 0.003 65451.000 41.000 9.000
0.241 9.475 2.482 0.014 0.205 0.008 65450.000 36.000 8.000
0.210 9.240 2.651 0.042 0.075 0.014 65450.000 36.000 8.000
0.089 9.060 2.852 0.101 0.029 0.031 65450.000 36.000 8.000
0.399 8.988 2.844 0.153 0.035 0.060 65450.000 36.000 8.000
0.353 8.939 2.686 0.163 0.130 0.108 65450.000 36.000 8.000
0.020 8.939 2.741 0.136 0.216 0.144 65447.000 37.000 9.000
0.017 9.328 2.632 0.102 0.219 0.170 65447.000 37.000 9.000
0.274 9.730 2.692 0.041 0.337 0.190 65447.000 37.000 9.000
0.900 9.700 2.871 0.070 0.422 0.172 65447.000 37.000 9.000
0.930 9.818 2.899 0.094 0.316 0.101 65447.000 37.000 9.000
0.538 10.104 3.337 0.086 0.229 0.070 65448.000 36.000 6.000
0.283 10.376 3.403 0.225 0.260 0.083 65448.000 36.000 6.000
0.751 11.348 4.297 0.390 0.221 0.103 65448.000 36.000 6.000
-2.851 14.019 2.140 0.084 0.427 0.199 65448.000 36.000 6.000
0.004 12.752 1.175 0.292 -1.045 0.141 65448.000 36.000 6.000
0.438 10.778 0.822 0.461 0.312 0.050 65449.000 39.000 5.000
-1.657 9.740 0.897 0.034 0.123 0.005 65449.000 39.000 5.000
-2.710 7.442 0.233 0.026 0.221 0.010 65449.000 39.000 5.000
-2.656 6.241 0.855 0.075 0.501 0.054 65449.000 39.000 5.000
-1.697 8.054 1.278 0.183 0.850 0.109 65449.000 39.000 5.000
0.976 10.672 1.795 0.081 0.757 0.131 65450.000 48.000 10.000
0.305 11.227 2.165 0.175 0.562 0.181 65450.000 48.000 10.000
1.131 10.224 2.001 0.488 0.337 0.145 65450.000 48.000 10.000
0.456 9.817 1.810 0.528 0.043 0.038 65450.000 48.000 10.000
-1.329 9.210 1.805 0.456 0.354 0.182 65450.000 48.000 10.000
-2.205 8.382 1.900 0.334 0.221 0.191 65451.000 41.000 17.000
-1.833 7.823 2.103 0.218 0.167 0.111 65451.000 41.000 17.000
-1.285 8.030 1.972 0.079 0.336 0.000 65451.000 41.000 17.000
0.706 8.688 2.218 0.040 0.339 0.056 65451.000 41.000 17.000
0.179 8.977 2.683 0.030 0.251 0.047 65451.000 41.000 17.000
0.216 8.900 2.695 0.053 0.066 0.028 65447.000 43.000 23.000
0.745 8.511 2.663 0.103 0.106 0.084 65447.000 43.000 23.000
-1.283 8.439 2.639 0.064 0.172 0.101 65447.000 43.000 23.000
