-1.155 11.955 0.271 0.479 0.241 0.036 5 89 65411
-3.409 8.835 -1.719 0.148 0.382 0.096 5 89 65411
-5.002 11.192 -2.256 0.065 0.229 0.071 3 101 65419
-3.027 9.479 0.366 0.333 0.194 0.025 3 101 65419
-1.918 8.963 0.951 0.245 0.319 0.158 3 101 65419
-2.135 12.333 -1.083 0.163 0.38 0.266 3 101 65419
0.719 10.409 0.141 0.03 0.175 0.312 1 101 65421
2 7.957 0.59 0.381 0.163 0.434 1 101 65421
-2.785 8.231 -2.141 0.511 0.423 0.225 1 101 65421
1.574 11.908 0.537 0.18 0.256 0.045 1 101 65421
5.465 11.287 0.846 0.174 0.606 0.035 1 101 65421
1.206 7.025 0.557 0.286 0.267 0.12 37 89 65399
0.879 10.01 -2.142 0.16 0.164 0.033 37 89 65399
4.503 13.171 0.725 0.085 0.149 0.032 37 89 65399
1.253 7.76 -2.582 0.098 0.115 0.226 37 89 65399
0.853 9.265 0.927 0.228 0.276 0.138 37 89 65399
1.234 10.33 0.22 0.335 0.407 0.02 4 82 65418
0.788 10.108 0.96 0.311 0.412 0.059 4 82 65418
0.901 10.739 0.967 0.249 0.262 0.166 4 82 65418
0.281 5.761 0.274 0.127 0.148 0.353 4 82 65418
-1.833 6.228 0.582 0.012 0.064 0.388 4 82 65418
1.339 17.07 0.735 0.222 0.373 0.414 65535 95 65421
0.278 14.187 -4.935 0.018 0.094 0.042 65535 95 65421
-5.13 10.218 1.455 0.136 0.296 0.135 65535 95 65421
0.135 13.077 -1.282 0.35 0.204 0.002 65535 95 65421
-4.934 9.901 -3.326 0.096 0.339 0.078 65535 95 65421
-3.758 6.897 -1.812 0.02 0.194 0.103 65527 101 65425
-1.736 10.351 -2.865 0.191 0.045 0.097 65527 101 65425
-3.256 8.425 0.331 0.328 0.135 0 65527 101 65425
-2.547 11.645 -1.423 0.212 0.371 0.165 65527 101 65425
-2.201 9.822 -1.493 0.09 0.379 0.224 65527 101 65425
0.168 10.52 0.891 0.012 0.175 0.3 65534 106 65420
1.781 10.348 1.398 0.305 0.132 0.402 65534 106 65420
-3.598 10.699 -2.128 0.519 0.392 0.129 65534 106 65420
3.224 12.702 -1.878 0.31 0.303 0.083 65534 106 65420
4.382 10.32 0.316 0.339 0.694 0.012 65534 106 65420
0.393 7.368 -1.231 0.309 0.329 0.073 30 82 65404
1.632 10.82 -1.771 0.114 0.066 0.107 30 82 65404
2.857 11.353 0.731 0.041 0.01 0.017 30 82 65404
1.321 10.767 -1.689 0.062 0.186 0.225 30 82 65404
1.078 9.046 0.79 0.199 0.328 0.073 30 82 65404
0.932 9.242 -1.051 0.274 0.405 0.021 65524 88 65436
0.177 9.498 0.671 0.318 0.301 0.027 65524 88 65436
0.823 10.365 -1.027 0.278 0.145 0.121 65524 88 65436
0.134 6.647 0.556 0.16 0.069 0.292 65524 88 65436
-1.018 5.13 0.09 0.006 0.056 0.355 65524 88 65436
5.184 8.188 -3.811 0.214 0.252 0.384 7 93 65417
-3.414 15.783 -2.588 0.093 0.096 0.142 7 93 65417
-4.504 10.181 2.328 0.138 0.257 0.222 7 93 65417
-1.568 11.048 -2.759 0.229 0.297 0.061 7 93 65417
-3.592 10.223 -1.538 0.039 0.359 0.051 7 93 65417
-3.189 7.109 -3.154 0.017 0.106 0.008 65534 104 65424
-3.13 11.065 -2.036 0.287 0.128 0.005 65534 104 65424
-2.355 9.601 0.369 0.389 0.264 0.092 65534 104 65424
-2.167 10.584 -1.326 0.238 0.438 0.272 65534 104 65424
0.421 9.156 0.89 0.002 0.389 0.328 65534 104 65424
1.697 11.524 0.918 0.172 0.084 0.452 65534 102 65416
-5.923 2.882 -4.644 0.371 0.279 0.422 65534 102 65416
1.735 10.56 -2.363 0.162 0.381 0.05 65534 102 65416
6.239 8.814 -1.215 0.186 0.807 0.102 65534 102 65416
2.111 5.804 -3.593 0.293 0.456 0.037 65534 102 65416
0.465 5.819 -1.26 0.074 0.098 0.037 30 82 65402
2.944 12.916 0.608 0.15 0.083 0.203 30 82 65402
3.398 9.921 -1.48 0.132 0.154 0.107 30 82 65402
0.66 12.721 -1.046 0.174 0.351 0.225 30 82 65402
1.817 9.898 -2 0.297 0.498 0.102 30 82 65402
0.894 9.156 0.843 0.339 0.521 0.001 65517 95 65427
0.258 11.417 -1.012 0.228 0.331 0 65517 95 65427
0.371 9.773 0.585 0.036 0.007 0.101 65517 95 65427
0.782 6.478 -1.408 0.134 0.154 0.282 65517 95 65427
0.116 4.327 0.695 0.235 0.2 0.367 65517 95 65427
3.181 2.203 -8.225 0.262 0.212 0.44 7 87 65407
-1.218 16.166 -3.095 0.25 0.211 0.025 7 87 65407
-7.491 9.266 -1.376 0.201 0.495 0.166 7 87 65407
-2.516 6.092 -4.011 0.39 0.333 0.059 7 87 65407
-4.414 8.644 -4.744 0.099 0.251 0.064 7 87 65407
-3.167 5.273 -4.21 0.014 0.029 0.021 18 104 65406
-2.136 11.392 0.617 0.354 0.229 0.015 18 104 65406
-2.384 10.198 0.743 0.073 0.4 0.072 18 104 65406
0.633 12.288 -4.776 0.359 0.438 0.215 18 104 65406
-3.332 12.78 -1.556 0.554 0.161 0.297 18 104 65406
1.441 16.372 0.065 0.952 0.035 0.387 41 99 65403
-3.578 7.375 -6.172 -1.562 0.34 0.333 41 99 65403
-3.32 8.777 -2.935 -1.539 0.023 0.027 41 99 65403
4.208 11.455 -2.158 -1.405 0.726 0.288 41 99 65403
1.742 10.366 0.539 -1.553 0.444 0.149 41 99 65403
0.701 10.53 -3.199 -1.815 0.132 0.109 12 76 65406
1.572 10.172 -1.563 -1.904 0.235 0.116 12 76 65406
2.056 9.909 -2.219 -1.73 0.287 0.091 12 76 65406
1.994 11.966 -1.483 -1.398 0.041 0.163 12 76 65406
0.497 8.698 0.095 -1.154 0.195 0.114 12 76 65406
0.652 8.273 0.483 -1.181 0.299 0.074 65511 97 65443
0.417 7.796 0.989 -1.251 0.357 0.259 65511 97 65443
0.38 6.678 1.921 -1.26 0.503 0.326 65511 97 65443
-2.184 4.803 0.415 -1.317 0.629 0.302 65511 97 65443
-1.333 9.768 1.624 -1.261 0.622 0.385 65511 97 65443
-2.693 9.434 3.125 -1.423 0.529 0.592 8 90 65426
0.385 7.371 1.594 -1.854 0.296 0.651 8 90 65426
-3.034 8.426 2.315 -2.164 0.075 0.55 8 90 65426
-3.092 9.181 0.958 -2.521 0.205 0.355 8 90 65426
-4.678 13.299 3.928 -2.751 0.334 0.316 8 90 65426
0.013 12.514 3.075 -3.208 0.435 0.284 65506 84 65468
0.744 2.628 0.536 -3.297 0.447 0.196 65506 84 65468
3.062 8.816 4.703 -2.486 0.391 0.077 65506 84 65468
0.872 4.019 2.103 -2.611 0.037 0.062 65506 84 65468
1.557 4.089 5.143 -2.445 0.008 0.027 65506 84 65468
0.893 6.056 5.931 -2.244 0.276 0.098 65534 82 65460
0.366 1.792 6.142 -2.296 0.303 0.175 65534 82 65460
-1.417 1.412 6.08 -2.151 0.102 0.361 65534 82 65460
-4.232 0.628 6.321 -2.027 0.033 0.579 65534 82 65460
1.06 3.258 7.078 -1.95 0.471 0.713 65534 82 65460
2.721 2.115 7.01 -1.934 0.613 0.973 65498 58 65514
4.513 0.648 8.577 -1.896 0.489 1.219 65498 58 65514
9.024 0.098 5.208 -1.816 0.016 1.233 65498 58 65514
-3.769 2.772 6.81 -2.069 0.392 1.124 65498 58 65514
-1.771 6.062 7.442 -2.566 0.535 1.245 65498 58 65514
8.282 1.636 13.821 -2.928 -1.14 1.194 65519 61 1
8.772 4.112 13.419 -3.055 0.543 1.246 65519 61 1
5.724 -6.763 13.497 -3.309 0.176 1.063 65519 61 1
1.253 -2.572 12.371 -2.97 0.794 0.95 65519 61 1
2.308 -2.455 13.849 -2.235 0.895 0.707 65519 61 1
-5.307 1.169 15.458 0.65 0.665 0.594 5 59 65531
5.131 -3.985 18.52 0.141 0.613 0.593 5 59 65531
-3.286 0.187 16.072 0.523 1.037 0.747 5 59 65531
-1.25 -1.243 1.233 0.231 1.052 0.484 5 59 65531
0.69 -14.736 6.685 0.366 0.988 0.4 5 59 65531
1.868 -7.761 8.657 1.66 1.082 0.48 1 47 31
-3.901 -2.298 8.988 1.971 1.163 0.511 1 47 31
0.512 -1.064 7.831 2.18 0.461 0.488 1 47 31
3.892 5.421 4.623 2.35 0.334 0.345 1 47 31
1.28 4.835 9.85 2.13 0.644 0.047 1 47 31
1.158 6.013 8.973 1.021 0.413 0.105 22 62 10
0.853 4.384 5.999 0.532 0.31 0.404 22 62 10
1.574 5.038 5.716 0.029 0.382 0.594 22 62 10
0.974 4.951 5.795 0.418 0.53 0.61 22 62 10
-1.594 3.73 6.111 0.687 0.49 0.512 22 62 10
-3.338 2.76 6.921 0.863 0.265 0.26 65521 33 9
-4.104 4.6 7.637 0.821 0.065 0.051 65521 33 9
-3.418 0.529 6.422 0.929 0.475 0.27 65521 33 9
0.719 2.77 7.818 0.84 0.71 0.366 65521 33 9
0.902 3.062 8.613 0.446 0.669 0.349 65521 33 9
0.707 0.676 9.369 0.346 0.647 0.431 5 75 9
0.096 -1.083 9.543 0.488 0.771 0.44 5 75 9
1.412 1.454 10.523 0.598 0.789 0.232 5 75 9
4.45 0.914 11.866 0.716 0.627 0.007 5 75 9
3.792 0.594 11.513 0.822 0.197 0.157 5 75 9
1.51 0.957 11.312 0.791 0.232 0.254 25 37 5
0.239 0.076 11.026 0.688 0.311 0.275 25 37 5
0.071 -1.151 9.599 0.466 0.118 0.242 25 37 5
0.458 0.478 10.886 0.135 0.033 0.177 25 37 5
1.438 0.559 10.573 0.02 0.064 0.128 25 37 5
0.746 0.544 9.627 0.004 0.136 0.085 18 52 22
0.069 1.048 9.587 0.045 0.122 0.034 18 52 22
0.02 1.24 9.194 0.03 0.126 0.002 18 52 22
0.005 1.478 9.193 0.016 0.111 0.019 18 52 22
0.247 1.379 9.096 0.053 0.087 0.039 18 52 22
0.427 1.12 9.247 0.114 0.072 0.04 15 53 23
0.705 1.114 9.471 0.154 0.075 0.03 15 53 23
0.743 1.048 9.573 0.172 0.1 0.021 15 53 23
0.52 0.9 9.744 0.17 0.133 0.018 15 53 23
0.147 0.672 9.817 0.149 0.135 0.013 15 53 23
0.095 0.651 9.961 0.122 0.116 0.003 11 47 33
0.058 0.729 9.923 0.098 0.103 0.006 11 47 33
0.156 0.787 9.843 0.066 0.085 0.001 11 47 33
0.059 0.567 9.927 0.04 0.045 0.016 11 47 33
0.111 0.556 9.955 0.021 0.024 0.019 11 47 33
0.232 0.739 9.691 0.013 0.023 0.007 9 51 35
0.047 0.98 9.73 0.052 0.041 0.001 9 51 35
0.069 0.822 9.599 0.05 0.028 0.014 9 51 35
0.326 0.906 9.482 0.032 0.006 0.028 9 51 35
0.308 1.082 9.355 0.022 0.011 0.017 9 51 35
0.316 1.074 9.44 0.006 0.012 0 7 47 35
0.228 0.787 9.46 0.03 0.012 0.012 7 47 35
0.201 1.091 9.5 0.053 0.017 0.012 7 47 35
0.122 1.015 9.413 0.065 0.022 0.014 7 47 35
0.159 1.036 9.643 0.077 0.02 0.01 7 47 35
0.22 0.696 9.673 0.089 0.023 0.001 2 40 46
0.228 0.77 9.678 0.074 0.024 0.003 2 40 46
0.304 0.901 9.665 0.053 0.023 0.005 2 40 46
0.18 0.864 9.61 0.058 0.036 0.016 2 40 46
0.143 0.671 9.494 0.069 0.053 0.019 2 40 46
0.138 0.881 9.569 0.065 0.055 0.015 6 42 42
0.005 1.019 9.538 0.069 0.048 0.012 6 42 42
0.023 0.855 9.571 0.089 0.038 0.014 6 42 42
0.016 0.767 9.574 0.1 0.02 0.009 6 42 42
0.112 0.943 9.563 0.095 0.015 0.003 6 42 42
0.142 0.989 9.625 0.1 0.017 0 5 35 43
0.061 0.823 9.507 0.125 0.021 0.005 5 35 43
0.037 0.622 9.637 0.13 0.019 0.007 5 35 43
0.131 0.782 9.526 0.138 0.014 0.011 5 35 43
0.089 0.901 9.521 0.144 0.015 0.011 5 35 43
0.173 0.666 9.581 0.15 0.015 0.012 1 37 41
0.098 0.578 9.695 0.158 0.023 0.011 1 37 41
0.152 0.757 9.549 0.155 0.021 0.013 1 37 41
0.075 0.737 9.677 0.163 0.002 0.014 1 37 41
0.047 0.434 9.741 0.175 0.012 0.014 1 37 41
0.027 0.229 9.865 0.16 0.018 0.008 8 32 54
0.199 0.312 10.04 0.108 0.037 0 8 32 54
0.289 0.254 9.971 0.066 0.031 0.003 8 32 54
0.195 0.142 9.91 0.036 0.003 0 8 32 54
0.311 0.5 9.698 0.011 0.01 0.003 8 32 54
0.191 0.681 9.593 0.005 0.031 0.015 8 28 58
0.034 0.727 9.604 0.005 0.04 0.026 8 28 58
0.057 0.608 9.509 0.01 0.031 0.023 8 28 58
0.063 0.689 9.454 0.02 0.009 0.016 8 28 58
0.119 0.869 9.454 0.025 0.002 0.02 8 28 58
0.122 0.701 9.475 0.053 0.018 0.018 15 33 57
0.132 0.414 9.725 0.08 0.022 0.015 15 33 57
0.199 0.214 9.957 0.073 0.021 0.004 15 33 57
0.187 0.545 9.78 0.027 0.013 0.003 15 33 57
0.211 0.602 9.642 0.022 0.015 0.008 15 33 57
0.288 0.411 9.64 0.031 0.009 0.004 9 31 61
0.077 0.483 9.567 0.023 0.022 0.001 9 31 61
0.025 0.657 9.613 0.025 0.013 0.001 9 31 61
0.099 0.521 9.604 0.028 0.004 0.009 9 31 61
0.102 0.521 9.619 0.029 0.003 0.005 9 31 61
0.155 0.532 9.706 0.032 0.003 0.006 5 31 61
0.187 0.445 9.616 0.027 0.003 0.009 5 31 61
0.017 0.424 9.47 0.02 0.01 0.007 5 31 61
0.084 0.408 9.707 0.031 0.002 0.006 5 31 61
0.187 0.501 9.722 0.031 0.001 0.008 5 31 61
0.187 0.569 9.66 0.026 0.008 0.006 17 31 65
0.061 0.447 9.575 0.03 0.01 0.005 17 31 65
0.118 0.573 9.673 0.025 0.001 0.005 17 31 65
0.055 0.58 9.64 0.031 0.005 0.008 17 31 65
0.141 0.554 9.683 0.031 0.005 0.003 17 31 65
0.084 0.441 9.645 0.028 0.005 0.003 16 28 66
0.141 0.6 9.601 0.026 0.006 0.003 16 28 66
0.1 0.609 9.567 0.032 0 0.003 16 28 66
0.292 0.452 9.726 0.035 0.009 0.004 16 28 66
0.061 0.42 9.581 0.025 0.012 0.001 16 28 66
0.089 0.523 9.642 0.027 0.003 0.003 13 27 75
0.229 0.652 9.721 0.027 0.006 0.007 13 27 75
0.13 0.512 9.648 0.03 0.012 0.004 13 27 75
0.035 0.53 9.645 0.029 0.01 0.004 13 27 75
0.13 0.598 9.615 0.028 0 0.006 13 27 75
0.142 0.623 9.655 0.031 0 0.003 17 31 73
0.217 0.475 9.642 0.029 0.002 0.003 17 31 73
0.153 0.42 9.585 0.028 0.008 0.001 17 31 73
0.013 0.584 9.652 0.027 0.009 0.002 17 31 73
0.1 0.624 9.665 0.03 0 0.005 17 31 73
0.107 0.474 9.589 0.031 0 0.008 17 29 79
0.082 0.468 9.652 0.029 0 0.005 17 29 79
0.125 0.569 9.682 0.031 0.004 0.005 17 29 79
0.147 0.547 9.577 0.029 0.008 0.003 17 29 79
0.083 0.537 9.689 0.029 0.002 0.005 17 29 79
0.09 0.529 9.654 0.031 0.001 0.004 13 25 71
0.246 0.602 9.668 0.03 0.005 0.003 13 25 71
0.287 0.511 9.653 0.029 0.001 0.004 13 25 71
0.13 0.43 9.579 0.028 0.01 0.001 13 25 71
0.011 0.526 9.646 0.029 0 0.002 13 25 71
0.132 0.629 9.589 0.027 0.003 0.003 18 24 72
0.198 0.554 9.703 0.029 0.004 0.003 18 24 72
0.117 0.465 9.635 0.029 0 0.003 18 24 72
0.051 0.554 9.606 0.029 0 0.003 18 24 72
0.149 0.606 9.661 0.029 0.002 0.002 18 24 72
0.118 0.501 9.649 0.029 0.003 0.004 10 32 74
0.123 0.442 9.637 0.029 0 0.005 10 32 74
0.064 0.592 9.617 0.028 0 0.003 10 32 74
0.164 0.608 9.676 0.029 0.006 0.005 10 32 74
0.266 0.542 9.621 0.029 0.006 0.008 10 32 74
0.112 0.495 9.565 0.028 0.004 0.003 20 30 78
0.11 0.56 9.707 0.028 0.005 0 20 30 78
0.098 0.603 9.721 0.029 0.004 0.002 20 30 78
0.135 0.499 9.618 0.028 0 0.003 20 30 78
3.794 10.816 -1.193 0.185 0.092 0.032 46 72 65408
0.333 9.532 -1.574 0.251 0.324 0.216 46 72 65408
0.514 10.693 0.992 0.27 0.495 0.054 46 72 65408
1.827 9.13 -1.078 0.257 0.426 0.045 65529 83 65447
0.901 10.804 0.711 0.132 0.256 0.022 65529 83 65447
0.755 9.251 0.709 0.017 0.107 0.117 65529 83 65447
1.909 7.893 0.685 0.149 0.009 0.361 65529 83 65447
0.514 5.443 0.384 0.22 0.053 0.441 65529 83 65447
2.78 11.124 -3.736 0.324 0.252 0.461 15 87 65421
-6.402 13.066 -4.644 0.125 0.104 0.106 15 87 65421
-3.258 9.667 0.472 0.095 0.277 0.094 15 87 65421
-1.473 9.37 -1.614 0.298 0.181 0.255 15 87 65421
-3.712 11.994 -2.103 0.029 0.018 0.166 15 87 65421
-2.999 6.959 -2.385 0.198 0.154 0.08 38 102 65408
0.47 10.591 -2.3 0.456 0.152 0.176 38 102 65408
-2.773 12.758 0.808 0.562 0.016 0.1 38 102 65408
-2.929 13.084 0.592 0.232 0.089 0.116 38 102 65408
-2.401 8.935 -1.476 0.041 0.066 0.232 38 102 65408
-1.151 8.003 -1.531 0.174 0.026 0.34 52 88 65418
-1.082 4.072 0.689 0.28 0.072 0.545 52 88 65418
-5.955 -2.047 -8.534 0.554 0.078 0.498 52 88 65418
4.284 14.287 -2.742 0.093 0.285 0.03 52 88 65418
3.479 5.668 -2.292 0.381 0.82 0.238 22 72 65422
3.207 7.181 -2.475 0.098 0.308 0.007 22 72 65422
4.608 11.221 -2.257 0.208 0.081 0.056 22 72 65422
1.288 10.943 -1.991 0.269 0.325 0.242 22 72 65422
1.732 10.503 0.691 0.345 0.514 0.053 22 72 65422
1.399 9.707 -1.641 0.261 0.658 0.081 65530 90 65454
0.16 10.536 0.878 0.168 0.476 0.044 65530 90 65454
0.083 9.322 -1.404 0.037 0.101 0.14 65530 90 65454
1.68 6.415 0.861 0.11 0.054 0.366 65530 90 65454
0.451 5.173 0.487 0.24 0.127 0.392 65530 90 65454
2.008 9.556 -5.853 0.226 0.077 0.436 18 80 65420
-5.729 17.943 -1.285 0.357 0.38 0.087 18 80 65420
-4.218 10.913 0.149 0.261 0.422 0.002 18 80 65420
0.575 6.72 -2.239 0.36 0.342 0.075 18 80 65420
-4.586 9.269 -3.708 0.061 0.155 0.044 18 80 65420
-2.822 6.794 -2.661 0.189 0.123 0.005 14 96 65434
-1.993 9.826 -1.437 0.494 0.228 0.066 14 96 65434
-2.58 10.581 0.105 0.331 0.359 0.065 14 96 65434
-2.006 12.273 -2.033 0.014 0.466 0.22 14 96 65434
0.685 8.621 -2.858 0.161 0.257 0.306 14 96 65434
0.398 7.702 -1.04 0.358 0.123 0.444 61 95 65421
2.965 12.705 1.401 0.627 0.022 0.519 61 95 65421
-3.661 11.252 -1.426 0.657 0.106 0.199 61 95 65421
3.773 15.012 -2.136 0.229 0.786 0.124 61 95 65421
6.332 9.61 0.786 0.607 0.938 0.136 61 95 65421
2.12 5.945 -1.021 0.511 0.509 0.05 22 80 65426
3.325 9.094 -1.786 0.242 0.024 0.197 22 80 65426
2.358 9.66 0.414 0.1 0.092 0.013 22 80 65426
1.854 10.626 -1.35 0.197 0.257 0.094 22 80 65426
0.559 9.641 0.209 0.235 0.369 0.04 22 80 65426
0.117 8.999 -1.474 0.171 0.387 0.079 65534 100 65464
0.025 10.649 0.616 0.141 0.177 0.053 65534 100 65464
0.811 8.728 0.263 0.078 0.051 0.358 65534 100 65464
0.995 9.574 1.613 0.193 0.314 0.347 65534 100 65464
-2.093 16.252 -3.252 0.124 0.243 0.111 25 103 65433
-4.517 12.175 0.371 0.214 0.253 0.274 25 103 65433
-3.125 6.812 -2.214 0.172 0.222 0.09 25 103 65433
-2.395 11.197 -1.32 0.024 0.105 0.015 25 103 65433
-3.298 10.796 -1.697 0.09 0.092 0.053 25 103 65433
-2.881 8.067 -2.455 0.264 0.004 0.069 65531 113 65455
-1.99 11.253 0.809 0.485 0.168 0.036 65531 113 65455
-3.11 10.621 0.164 0.51 0.199 0.119 65531 113 65455
-2.536 10.529 -2.163 0.329 0.261 0.226 65531 113 65455
0.916 9.933 0.98 0.129 0.18 0.288 65531 113 65455
-1.983 5.813 -2.88 0.118 0.059 0.497 34 104 65438
-1.94 7.042 -2.36 0.238 0.045 0.559 34 104 65438
1.124 11.517 -2.588 0.176 0.481 0.152 34 104 65438
5.329 12.134 0.369 0.277 0.944 0.144 34 104 65438
2.279 5.787 -3.309 0.449 0.607 0.009 34 104 65438
4.274 12.661 0.87 0.114 0.128 0.229 12 74 65438
2.627 11.215 0.077 0.123 0.318 0.069 12 74 65438
1.758 9.271 -1.825 0.105 0.622 0.134 12 74 65438
0.355 12.156 -1.148 0.186 0.671 0 12 74 65438
1.227 10.451 0.047 0.192 0.463 0.088 5 107 65459
0.253 12.451 0.357 0.04 0.114 0.024 5 107 65459
0.701 9.006 0.296 0.058 0.024 0.127 5 107 65459
0.113 5.813 0.396 0.112 0.052 0.349 5 107 65459
-1.981 8.188 0.264 0.242 0.026 0.414 5 107 65459
6.475 15.397 -4.62 0.029 0.005 0.325 15 101 65435
-3.855 13.509 -1.497 0.247 0.4 0.236 15 101 65435
-2.472 5.348 -3.647 0.376 0.423 0.042 15 101 65435
-2.647 8.658 -3.406 0.221 0.321 0.082 15 101 65435
-5.765 9.018 -3.306 0.017 0.093 0.015 15 101 65435
-1.782 6.9 -4.24 0.067 0.213 0.043 16 104 65446
-4.911 10.544 -2.637 0.314 0.202 0.085 16 104 65446
-1.127 10.333 0.225 0.114 0.529 0.085 16 104 65446
0.65 10.374 -2.206 0.991 0.141 0.246 16 104 65446
0.049 14.074 0.745 -1.372 0.022 0.341 55 87 65429
0.602 6.279 -3.701 -1.93 0.204 0.235 55 87 65429
-4.088 12.349 -1.14 -1.842 0.055 0.021 55 87 65429
2.732 8.802 -2.949 -1.603 0.523 0.247 55 87 65429
5.158 11.342 0.956 -1.537 0.48 0.217 55 87 65429
2.221 10.776 -1.188 -1.501 0.011 0.116 65529 81 65447
1.247 11.112 0.793 -1.552 0.234 0.076 65529 81 65447
2.318 8.719 -1.113 -1.476 0.369 0.059 65529 81 65447
2.212 7.833 0.992 -1.299 0.586 0.107 65529 81 65447
1.183 8.219 0.434 -1.191 0.815 0.203 65529 81 65447
0.007 9.368 1.681 -1.116 0.945 0.16 65526 98 65468
-2.299 10.793 2.088 -1.208 0.887 0.025 65526 98 65468
-2.109 8.616 0.578 -1.431 0.621 0.027 65526 98 65468
-3.934 8.422 1.581 -1.494 0.407 0.253 65526 98 65468
-5.198 6.708 2.325 -1.534 0.167 0.484 65532 106 65456
-3.287 5.986 1.335 -1.833 0.147 0.354 65532 106 65456
-4.777 8.869 2.115 -2.102 0.23 0.387 65532 106 65456
-2.724 10.497 2.342 -2.322 0.327 0.404 65532 106 65456
-2.952 9.12 0.038 -2.408 0.387 0.301 65532 106 65456
0.579 13.297 3.386 -2.344 0.593 0.229 65512 80 65466
-1.136 8.406 1.242 -2.567 0.615 0.04 65512 80 65466
1.489 7.076 5.954 -2.456 0.578 0.309 65512 80 65466
4.515 6.994 4.236 -2.2 0.401 0.322 65512 80 65466
0.797 5.329 2.958 -2.086 0.08 0.103 65512 80 65466
0.808 0.342 6.522 -1.982 0.004 0.01 65511 83 65469
-1.458 1.675 6.557 -1.49 0.007 0.132 65511 83 65469
0.648 2.663 6.125 -1.382 0.374 0.264 65511 83 65469
0.389 3.999 6.682 -1.492 0.66 0.453 65511 83 65469
1.918 3.863 6.598 -1.705 0.681 0.59 65511 83 65469
-1.845 10.576 10.46 -1.938 0.433 0.689 5 55 65501
1.279 2.715 8.33 -2.7 0.728 0.84 5 55 65501
1.279 1.316 6.692 -2.551 0.857 1.057 5 55 65501
0.002 3.282 9.058 -2.004 0.765 1.099 5 55 65501
2.172 4.599 9.434 -1.782 0.845 1.12 5 55 65501
3.022 2.612 10.528 -1.742 -1.004 1.188 65501 75 65521
1.629 4.378 9.436 -1.771 -1.114 1.214 65501 75 65521
1.831 1.741 10.391 -1.864 0.875 1.006 65501 75 65521
4.969 2.333 14.986 -1.763 0.233 0.841 65501 75 65521
3.975 2.876 14.155 -1.674 0.129 0.799 65501 75 65521
3.839 1.721 14.72 -1.516 0.101 0.876 65522 72 10
2.755 0.29 11.316 -1.462 0.34 0.659 65522 72 10
4.484 -1.606 11.281 -1.054 0.352 0.519 65522 72 10
3.943 -1.326 10.784 0.654 0.566 0.529 65522 72 10
2.167 2.341 10.235 0.351 0.565 0.498 65522 72 10
3.552 0.956 8.826 0.017 0.299 0.235 65530 38 62
1.917 -2.334 7.99 0.403 0.123 0.003 65530 38 62
3.4 0.424 7.837 0.628 0.268 0.138 65530 38 62
4.863 2.006 8.839 0.841 0.607 0.252 65530 38 62
0.968 2.553 8.936 0.916 1.003 0.392 65530 38 62
3.021 2.634 7.423 0.85 0.967 0.515 16 58 40
-3.546 4.003 8.585 0.772 1.042 0.54 16 58 40
-2.09 4.577 9.351 0.135 0.401 0.25 16 58 40
-1.958 6.204 8.875 0.713 0.097 0.113 16 58 40
0.393 2.771 5.868 -1.233 0.408 0.008 16 58 40
3.73 2.323 9.454 -1.347 0.384 0.142 32 32 28
1.85 1.104 7.569 -1.407 0.032 0.306 32 32 28
4.697 -3.558 7.053 -1.346 0.276 0.351 32 32 28
1.68 0.822 6.546 -1.153 0.676 0.413 32 32 28
0.341 0.102 9.193 -1.191 0.77 0.37 32 32 28
0.58 0.97 9.725 -1.364 0.484 0.421 24 78 18
-2.354 4.044 15.769 0.591 0.246 0.411 24 78 18
0.283 1.836 13.628 0.127 0.205 0.258 24 78 18
0.943 0.647 12.038 0.119 0.212 0.226 24 78 18
0.924 0.532 10.204 0.217 0.065 0.101 24 78 18
2.44 -2.822 8.139 0.066 0.18 0.07 40 40 36
1.102 1.127 8.947 0.156 0.403 0.061 40 40 36
0.574 0.09 8.658 0.098 0.482 0.019 40 40 36
0.834 1.389 8.801 0.124 0.459 0.036 40 40 36
0.494 2.019 9.721 0.031 0.465 0.061 40 40 36
0.168 1.215 10.199 0.033 0.325 0.039 25 61 37
0.18 0.605 9.917 0.01 0.207 0.035 25 61 37
0.147 0.463 9.556 0.009 0.146 0.018 25 61 37
0.11 0.529 9.668 0.002 0.104 0.008 25 61 37
0.265 0.605 9.673 0.018 0.057 0.012 25 61 37
0.331 0.445 9.774 0.013 0.038 0.022 18 58 28
0.544 0.361 9.74 0.002 0.019 0.025 18 58 28
0.519 0.412 9.712 0.003 0.016 0.02 18 58 28
0.689 0.143 9.882 0.024 0.019 0.008 18 58 28
0.702 0.268 9.622 0.034 0.031 0.005 18 58 28
0.778 0.305 9.322 0.029 0.047 0 13 51 31
0.447 0.43 9.573 0.017 0.085 0.006 13 51 31
0.129 0.269 9.834 0.028 0.093 0.001 13 51 31
0.344 0.459 9.618 0.013 0.086 0.005 13 51 31
0.447 0.585 9.366 0 0.089 0.001 13 51 31
0.476 0.502 9.399 0 0.106 0.007 5 47 31
0.217 0.604 9.787 0.009 0.13 0.008 5 47 31
0.169 0.134 9.804 0.004 0.12 0.006 5 47 31
0.029 0.488 9.779 0.002 0.057 0.004 5 47 31
0.52 0.447 9.64 0.021 0.034 0.011 5 47 31
0.627 0.489 9.55 0.019 0.059 0.001 65533 43 33
0.013 0.97 9.295 0.033 0.089 0.012 65533 43 33
0.02 0.076 9.967 0.087 0.084 0.003 65533 43 33
0.073 0.751 9.95 0.028 0.064 0.01 65533 43 33
0.265 0.497 9.495 0.029 0.021 0.002 65533 43 33
0.342 0.371 9.773 0.027 0.009 0.001 1 39 35
0.075 0.523 9.575 0.029 0.011 0.002 1 39 35
0.187 0.401 9.764 0.029 0 0.003 1 39 35
0.533 0.401 9.647 0.03 0.004 0.006 1 39 35
0.11 0.302 9.661 0.028 0.014 0.003 1 39 35
0.037 0.472 9.659 0.028 0.013 0.003 2 34 40
0.312 0.577 9.645 0.029 0.013 0.007 2 34 40
0.053 0.41 9.712 0.029 0.016 0.005 2 34 40
0.181 0.435 9.598 0.028 0.005 0.009 2 34 40
0.21 0.448 9.737 0.031 0.001 0.005 2 34 40
0.308 0.52 9.589 0.03 0.01 0.004 2 30 44
0.33 0.235 9.71 0.031 0.015 0.01 2 30 44
0.171 0.424 9.533 0.025 0.019 0.007 2 30 44
0.023 0.539 9.737 0.027 0.027 0.004 2 30 44
0.071 0.526 9.67 0.03 0.021 0.003 2 30 44
0.209 0.426 9.646 0.029 0.014 0.008 8 30 40
0.233 0.405 9.676 0.029 0.003 0.005 8 30 40
0.223 0.539 9.656 0.031 0.008 0.003 8 30 40
0.149 0.464 9.575 0.029 0.016 0.005 8 30 40
0.195 0.341 9.656 0.03 0.019 0.007 8 30 40
0.135 0.511 9.607 0.028 0.018 0.006 15 29 43
0.099 0.508 9.686 0.026 0.015 0.005 15 29 43
0.19 0.385 9.707 0.027 0.007 0.005 15 29 43
0.096 0.42 9.691 0.025 0.009 0.005 15 29 43
0.221 0.514 9.601 0.029 0.002 0.006 17 25 45
0.162 0.432 9.63 0.03 0.002 0.005 17 25 45
0.243 0.374 9.682 0.029 0 0.004 17 25 45
0.226 0.539 9.603 0.028 0.003 0.006 17 25 45
0.12 0.56 9.667 0.026 0.012 0.002 17 25 45
0.102 0.375 9.733 0.028 0.009 0.003 15 27 49
0.174 0.444 9.593 0.031 0 0.006 15 27 49
0.131 0.547 9.641 0.029 0.002 0.003 15 27 49
0.173 0.513 9.721 0.026 0.008 0.004 15 27 49
0.258 0.416 9.67 0.029 0.005 0.006 15 27 49
0.169 0.474 9.586 0.03 0.009 0.004 18 28 54
0.152 0.478 9.727 0.027 0.009 0.003 18 28 54
0.114 0.486 9.694 0.029 0.01 0.006 18 28 54
0.052 0.438 9.652 0.028 0.007 0.007 18 28 54
0.198 0.399 9.63 0.029 0 0.005 18 28 54
0.202 0.531 9.609 0.029 0.001 0.003 19 27 49
0.225 0.46 9.684 0.029 0 0.001 19 27 49
0.056 0.345 9.612 0.029 0.001 0.005 19 27 49
0.096 0.421 9.636 0.029 0.004 0.006 19 27 49
0.21 0.556 9.643 0.029 0.004 0.004 19 27 49
0.126 0.466 9.645 0.03 0.004 0.004 26 28 46
0.203 0.414 9.672 0.028 0.003 0.005 26 28 46
0.174 0.445 9.65 0.027 0.002 0.003 26 28 46
0.129 0.531 9.642 0.03 0.002 0.001 26 28 46
0.167 0.468 9.619 0.031 0 0.005 26 28 46
0.244 0.411 9.658 0.029 0 0.007 23 25 47
0.161 0.48 9.68 0.028 0.002 0.006 23 25 47
0.173 0.525 9.628 0.027 0.007 0.005 23 25 47
0.178 0.458 9.636 0.029 0.008 0.004 23 25 47
0.207 0.398 9.653 0.031 0 0.005 23 25 47
0.164 0.477 9.592 0.03 0.004 0.006 24 28 52
0.114 0.537 9.662 0.027 0.014 0.003 24 28 52
0.065 0.511 9.665 0.025 0.013 0.007 24 28 52
0.156 0.397 9.601 0.03 0.002 0.007 24 28 52
0.266 0.484 9.718 0.028 0.001 0.004 24 28 52
0.217 0.506 9.696 0.029 0.009 0.001 30 26 52
0.223 0.409 9.688 0.028 0.015 0.004 30 26 52
0.204 0.466 9.68 0.028 0.013 0.008 30 26 52
0.123 0.591 9.655 0.028 0.014 0.007 30 26 52
0.118 0.503 9.668 0.029 0.012 0.005 30 26 52
0.174 0.402 9.585 0.029 0.009 0.007 31 25 55
0.18 0.456 9.692 0.031 0.004 0.005 31 25 55
0.132 0.495 9.679 0.031 0.005 0.003 31 25 55
0.167 0.47 9.646 0.029 0.009 0.006 31 25 55
0.214 0.386 9.683 0.028 0.007 0.005 31 25 55
0.227 0.441 9.679 0.029 0.008 0.005 32 32 60
0.092 0.663 9.739 0.029 0.01 0.004 32 32 60
0.088 0.447 9.645 0.03 0.006 0.006 32 32 60
0.18 0.396 9.603 0.031 0 0.006 32 32 60
0.288 0.577 9.66 0.029 0.001 0.004 32 32 60
0.257 0.502 9.694 0.029 0.01 0.004 30 32 58
0.129 0.465 9.671 0.027 0.017 0.004 30 32 58
0.102 0.421 9.702 0.029 0.013 0.005 30 32 58
0.135 0.477 9.655 0.028 0.004 0.007 30 32 58
0.154 0.518 9.618 0.029 0.001 0.005 30 32 58
0.21 0.414 9.691 0.029 0.003 0.003 31 33 61
0.211 0.389 9.66 0.029 0.006 0.005 31 33 61
0.116 0.486 9.716 0.028 0.011 0.005 31 33 61
0.099 0.506 9.624 0.028 0.008 0.005 31 33 61
0.183 0.409 9.607 0.029 0.002 0.005 31 33 61
0.29 0.452 9.634 0.03 0 0.005 34 28 62
0.265 0.523 9.658 0.029 0.007 0.005 34 28 62
0.053 0.495 9.673 0.029 0.011 0.006 34 28 62
0.096 0.408 9.607 0.029 0.006 0.005 34 28 62
0.187 0.472 9.69 0.03 0.001 0.005 34 28 62
0.138 0.533 9.665 0.029 0.001 0.005 33 35 61
0.143 0.454 9.673 0.03 0.002 0.005 33 35 61
0.148 0.41 9.658 0.029 0.003 0.006 33 35 61
0.183 0.462 9.643 0.03 0 0.005 33 35 61
0.178 0.512 9.616 0.03 0.005 0.005 33 35 61
0.144 0.447 9.683 0.028 0.008 0.005 37 33 57
0.174 0.374 9.702 0.029 0.004 0.007 37 33 57
0.136 0.5 9.607 0.03 0.002 0.006 37 33 57
0.124 0.547 9.683 0.029 0.004 0.005 37 33 57
0.204 0.448 9.6 0.028 0.003 0.005 37 33 57
0.141 0.442 9.575 0.03 0.004 0.006 35 35 59
0.179 0.521 9.623 0.03 0.004 0.005 35 35 59
0.177 0.476 9.568 0.028 0.004 0.005 35 35 59
0.165 0.444 9.627 0.028 0.003 0.003 35 35 59
0.177 0.409 9.654 0.029 0.001 0.006 35 35 59
0.147 0.536 9.579 0.029 0.002 0.005 34 26 62
0.141 0.488 9.678 0.028 0.005 0.005 34 26 62
0.111 0.393 9.652 0.029 0.004 0.005 34 26 62
0.128 0.464 9.671 0.029 0.001 0.005 34 26 62
0.136 0.518 9.66 0.029 0 0.006 34 26 62
0.209 0.518 9.647 0.03 0 0.003 38 34 64
0.223 0.398 9.652 0.03 0 0.004 38 34 64
0.112 0.44 9.623 0.03 0.001 0.006 38 34 64
0.146 0.53 9.667 0.029 0.004 0.005 38 34 64
0.185 0.497 9.619 0.03 0.002 0.005 38 34 64
4.869 11.583 -1.511 0.004 0.272 0.176 13 57 65429
1.572 12.626 0.705 0.136 0.009 0.379 13 57 65429
1.807 10.089 -1.4 0.171 0.319 0.342 8 74 65426
0.809 10.305 -1.071 0.123 0.631 0.183 8 74 65426
1.683 9.987 0.666 0.023 0.666 0.071 8 74 65426
0.067 8.835 -2.176 0.105 0.391 0.085 8 74 65426
0.599 7.268 0.778 0.137 0.031 0.087 8 74 65426
0.972 4.734 0.165 0.284 0.134 0.291 65516 54 65442
-1.673 5.346 -1.231 0.399 0.147 0.376 65516 54 65442
5.997 15.274 -4.971 0.515 0.485 0.459 65516 54 65442
-3.448 16.908 -3.189 0.135 0.079 0.019 65516 54 65442
-4.951 4.721 0.63 0.537 0.248 0.221 65516 54 65442
-2.207 9.109 -2.531 0.368 0.29 0.538 15 75 65425
-1.89 7.134 0.307 0.366 0.246 0.265 15 75 65425
-5.109 10.333 -1.796 0.173 0.118 0.235 15 75 65425
-2.249 8.659 0.134 0.456 0.222 0.311 15 75 65425
-1.083 9.746 0.269 0.354 0.28 0.105 15 75 65425
-3.829 9.123 -1.66 0.2 0.263 0.168 2 68 65438
-3.241 13.47 0.658 0.062 0.153 0.229 2 68 65438
2.96 3.938 0.895 0.145 0.023 0.319 2 68 65438
-2.037 7.231 -1.138 0.457 0.375 0.294 2 68 65438
3.914 11.414 0.665 0.065 0.482 0.005 3 43 65431
2.853 9.203 0.766 0.039 0.572 0.186 3 43 65431
0.217 7.357 -1.8 0.133 0.207 0.082 3 43 65431
4.048 11.346 -2.187 0.076 0.247 0.071 3 43 65431
0.669 13.614 0.045 0.406 0.01 0.199 3 43 65431
0.652 13.254 0.782 0.544 0.231 0.111 23 57 65421
2.433 9.27 -1.042 0.493 0.326 0.014 23 57 65421
1.577 10.564 0.281 0.398 0.479 0.018 23 57 65421
0.948 11.306 -1.32 0.325 0.425 0.111 23 57 65421
-1.429 5.704 0.168 0.192 0.229 0.244 23 57 65421
-2.482 5.673 0.053 0.074 0 0.294 3 49 65439
10.122 4.525 -9.081 0.002 0.246 0.349 3 49 65439
-7.352 18.259 -1.035 0.375 0.276 0.267 3 49 65439
-2.255 6.751 -1.318 0.189 0.332 0.118 3 49 65439
1.025 7.778 -3.807 0.113 0.37 0.121 3 49 65439
-4.969 8.609 -2.335 0.026 0.447 0.072 65519 65 65437
-4.182 6.434 -3.772 0.282 0.143 0.022 65519 65 65437
-2.59 14.098 0.197 0.564 0.235 0 65519 65 65437
-1.892 9.656 -1.636 0.34 0.488 0.174 65519 65 65437
-3.114 11.908 -2.503 0.207 0.575 0.356 65519 65 65437
0.975 9.062 -1.952 0.03 0.531 0.449 3 53 65433
0.772 7.885 -2.57 0.253 0.6 0.575 3 53 65433
-4.174 8.603 -5.127 0.313 0.856 0.52 3 53 65433
5.756 10.815 -2.616 0.362 -1.225 0.022 3 53 65433
4.481 6.224 -1.96 0.567 0.901 0.148 3 53 65433
3.318 7.006 -1.71 0.507 0.462 0.062 65530 58 65436
1.593 10.454 -1.68 0.343 0.065 0.255 65530 58 65436
4.414 11.731 -1.034 0.159 0.213 0.253 65530 58 65436
1.594 9.101 -1.856 0.095 0.491 0.036 65530 58 65436
1.116 10.227 -1.063 0.012 0.608 0.109 65530 58 65436
2.068 10.678 0.326 0.12 0.582 0.195 34 58 65410
0.243 10.201 0.384 0.001 0.519 0.205 34 58 65410
0.231 9.179 0.739 0.196 0.24 0.165 34 58 65410
0.415 6.637 0.549 0.259 0.027 0.273 34 58 65410
1.312 5.65 0.635 0.229 0.094 0.381 34 58 65410
-2.264 10.681 0.857 0.224 0.006 0.376 3 65 65425
-1.92 7.114 -8.742 0.032 0.252 0.042 3 65 65425
-5.018 8.814 0.106 0.16 0.479 0.366 3 65 65425
-2.221 10.091 -2.795 0.145 0.392 0.09 3 65 65425
-3.558 6.586 -3.324 0.136 0.183 0.129 3 65 65425
-5.495 7.838 -3.378 0.066 0.071 0.102 65522 64 65432
0.441 5.544 -3.983 0.387 0.244 0.037 65522 64 65432
-3.01 10.635 0.113 0.57 0.201 0.116 65522 64 65432
-1.617 11.233 0.165 0.209 0.385 0.262 65522 64 65432
0.64 10.98 0.678 0.008 0.26 0.369 65522 64 65432
0.439 10.64 0.094 0.209 0.018 0.528 19 47 65427
-4.091 6.862 -3.26 0.489 0.14 0.639 19 47 65427
-3.481 9.703 -3.976 0.271 0.31 0.285 19 47 65427
6.894 12.688 0.757 0.077 -1.345 0.139 19 47 65427
5.984 7.806 -2.759 0.385 -1.05 0.099 19 47 65427
3.22 5.212 -3.357 0.339 0.423 0.155 65531 63 65427
2.451 10.299 -1.266 0.11 0.017 0.254 65531 63 65427
4.969 12.221 -1.49 0.015 0.123 0.224 65531 63 65427
0.853 8.088 -1.596 0.034 0.465 0.011 65531 63 65427
1.746 11.113 -1.965 0.124 0.626 0.094 65531 63 65427
1.449 10.737 0.061 0.168 0.601 0.209 45 77 65409
0.742 9.276 0.93 0.051 0.515 0.213 45 77 65409
0.586 10.218 0.442 0.069 0.201 0.173 45 77 65409
0.128 7.886 0.288 0.107 0.094 0.344 45 77 65409
0.527 7.69 1.08 0.139 0.176 0.425 45 77 65409
1.85 9.776 -2.011 0.159 0.062 0.366 65534 74 65432
-2.743 14.202 -3.208 0.199 0.383 0.19 65534 74 65432
-3.708 14.895 0.122 0.135 0.483 0.363 65534 74 65432
-2.206 10.016 -3.26 0.202 0.418 0.027 65534 74 65432
-2.971 7.356 -3.769 0.135 0.194 0.2 65534 74 65432
-3.222 9.368 -3.359 0.021 0.034 0.152 3 79 65439
0.92 11.215 -5.055 0.129 0.202 0.003 3 79 65439
-1.717 9.733 -2.74 0.13 0.215 0.083 3 79 65439
-1.053 11.672 -3.271 0.425 0.356 0.175 3 79 65439
-1.448 9.743 -4.195 0.944 0.268 0.193 3 79 65439
-2.12 9.303 -4.129 -1.285 0.28 0.32 39 51 65413
2.584 13.06 0.392 -1.662 0.198 0.362 39 51 65413
-4.118 8.246 -4.787 -1.995 0.139 0.092 39 51 65413
1.303 6.379 -2.006 -1.649 0.393 0.29 39 51 65413
4.699 11.516 0.021 -1.509 0.436 0.109 39 51 65413
1.31 13.071 0.968 -1.583 0.043 0.002 65526 64 65430
1.489 9.867 0.608 -1.588 0.091 0.024 65526 64 65430
1.025 9.297 0.944 -1.503 0.156 0.08 65526 64 65430
1.514 8.909 0.871 -1.265 0.207 0.107 65526 64 65430
0.014 7.645 0.295 0.986 0.39 0.067 65526 64 65430
0.736 7.934 1.067 0.774 0.456 0.017 26 72 65436
1.361 5.311 0.302 0.83 0.49 0.055 26 72 65436
0.311 8.324 1.176 -1.005 0.589 0.12 26 72 65436
-1.171 13.054 3.063 -1.208 0.654 0.118 26 72 65436
0.974 10.882 2.346 -1.622 0.564 0.353 26 72 65436
-2.616 7.584 1.671 -1.75 0.6 0.613 65525 65 65451
-5.758 8.146 1.116 -1.707 0.469 0.608 65525 65 65451
-2.159 9.105 3.46 -1.734 0.156 0.335 65525 65 65451
-1.671 9.611 2.248 -1.974 0.081 0.334 65525 65 65451
-4.017 11.556 3.341 -2.29 0.256 0.512 65525 65 65451
0.559 11.906 1.893 -2.497 0.409 0.335 65509 57 65473
1.022 9.483 2.986 -2.632 0.453 0.126 65509 57 65473
-1.227 8.493 2.124 -2.747 0.339 0.112 65509 57 65473
5.525 9.624 5.977 -2.734 0.395 0.403 65509 57 65473
0.988 6.576 5.82 -2.647 0.111 0.36 65509 57 65473
1.886 3.41 4.552 -2.178 0.174 0.259 65501 33 65489
0.332 3.133 7.363 -1.672 0.249 0.156 65501 33 65489
0.972 3.094 7.319 -1.558 0.053 0.074 65501 33 65489
0.424 3.693 8.89 -1.484 0.305 0.067 65501 33 65489
0.514 4.65 8.251 -1.583 0.281 0.171 65501 33 65489
0.606 5.012 8.949 -1.54 0.165 0.302 65498 62 65518
0.391 6.045 10.403 -1.609 0.353 0.397 65498 62 65518
1.595 3.676 7.472 -2.253 0.321 0.536 65498 62 65518
-1.402 2.534 5.789 -2.342 0.438 0.704 65498 62 65518
-2.085 2.829 8.419 -2.229 0.096 0.788 65498 62 65518
-1.485 1.108 7.23 -2.131 0.489 0.852 4 48 65510
0.715 0.842 9.26 -2.052 0.858 0.902 4 48 65510
0.684 2.622 9.396 -1.973 -1.041 0.813 4 48 65510
-2.199 3.954 10.037 -1.829 -1.181 0.72 4 48 65510
2.858 0.823 12.149 -1.899 -1.02 0.582 4 48 65510
11.004 12.699 19.612 -1.828 0.469 0.449 7 55 65535
5.661 -1.804 13.302 -2.505 0.328 0.422 7 55 65535
1.908 -7.044 12.158 -2.116 0.636 0.288 7 55 65535
0.427 -5.683 12.865 0.905 0.602 0.086 7 55 65535
2.93 0.646 13.498 0.106 0.29 0.129 7 55 65535
2.208 -2.511 10.82 0.332 0.341 0.008 13 61 23
0.003 -3.217 7.509 0.735 0.402 0.218 13 61 23
1.994 -2.343 7.617 1.302 0.275 0.346 13 61 23
4.234 0.582 8.379 1.664 0.336 0.467 13 61 23
-8.291 -3.651 2.286 1.819 0.685 0.617 13 61 23
-3.908 4.704 8.401 1.481 0.341 0.601 0 38 32
1.578 4.563 10.125 0.506 0.081 0.587 0 38 32
1.815 5.371 8.013 0.046 0.021 0.684 0 38 32
1.318 2.659 8.056 0.489 0.239 0.645 0 38 32
0.87 1.959 7.717 0.84 0.636 0.512 0 38 32
0.751 0.556 8.004 0.923 0.725 0.268 30 54 2
-2.699 0.063 7.331 0.862 0.551 0.051 30 54 2
-1.655 -1.006 7.052 0.689 0.239 0.323 30 54 2
0.377 1.742 8.265 0.443 0.169 0.51 30 54 2
0.169 0.592 8.139 0.117 0.33 0.542 30 54 2
2.652 3.609 9.817 0.239 0.5 0.455 20 76 6
0.008 4.699 11.257 0.187 0.594 0.441 20 76 6
2.886 4.712 10.925 0.174 0.657 0.302 20 76 6
3.292 3.611 12.143 0.463 0.33 0.044 20 76 6
2.069 1.084 9.636 0.595 0.022 0.198 20 76 6
0.337 1.687 10.699 0.368 0.123 0.224 9 39 29
0.045 1.303 10.639 0.249 0.013 0.19 9 39 29
0.471 0.26 10.062 0.213 0.074 0.118 9 39 29
0.027 2.06 10.727 0.06 0.002 0.051 9 39 29
0.593 1.476 9.737 0.002 0.023 0.049 9 39 29
0.314 1.862 9.886 0.094 0.122 0.09 22 54 28
0.766 2.103 9.543 0.118 0.123 0.114 22 54 28
1.195 1.547 9.152 0.086 0.11 0.102 22 54 28
1.155 1.855 8.95 0.079 0.111 0.06 22 54 28
1.158 1.945 8.917 0.04 0.093 0.017 22 54 28
0.952 2.274 9.087 0.006 0.071 0.016 14 56 26
0.672 2.382 9.23 0.042 0.083 0.044 14 56 26
0.283 2.188 9.075 0.046 0.088 0.039 14 56 26
0.104 1.984 9.079 0.043 0.046 0.009 14 56 26
0.21 1.962 9.044 0.053 0.013 0.004 14 56 26
0.318 2.062 9.224 0.081 0.031 0.004 13 49 25
0.751 1.727 9.271 0.131 0.056 0.025 13 49 25
0.775 1.581 9.151 0.148 0.063 0.041 13 49 25
0.688 1.82 9.267 0.135 0.071 0.022 13 49 25
0.737 2.097 9.355 0.128 0.098 0.006 13 49 25
0.8 2.102 9.525 0.143 0.123 0.008 5 47 27
0.976 1.519 9.7 0.161 0.137 0.022 5 47 27
1.043 1.474 9.804 0.151 0.125 0.022 5 47 27
0.887 1.501 9.846 0.116 0.085 0.017 5 47 27
0.949 1.543 9.99 0.082 0.055 0.016 5 47 27
1.156 1.23 9.914 0.074 0.037 0.009 0 46 22
1.104 1.173 9.837 0.049 0.007 0.03 0 46 22
0.91 1.454 9.671 0.002 0.058 0.018 0 46 22
0.775 1.696 9.514 0.035 0.055 0.011 0 46 22
0.905 1.721 9.513 0.033 0.025 0.014 0 46 22
0.749 1.708 9.508 0.016 0.009 0.002 0 36 20
0.676 1.777 9.415 0.019 0 0.009 0 36 20
0.834 1.82 9.308 0.029 0.005 0.005 0 36 20
0.762 1.754 9.417 0.023 0.004 0.002 0 36 20
0.742 1.679 9.291 0.004 0.007 0.004 0 36 20
0.897 1.731 9.283 0.013 0.007 0.014 65534 36 16
0.845 1.703 9.406 0.011 0.01 0.008 65534 36 16
0.87 1.662 9.488 0.026 0.005 0.001 65534 36 16
0.825 1.744 9.504 0.036 0.008 0.004 65534 36 16
0.817 1.729 9.51 0.036 0.007 0.001 65534 36 16
0.79 1.537 9.447 0.021 0 0.002 65531 39 13
0.805 1.66 9.526 0.001 0.002 0.001 65531 39 13
0.865 1.766 9.514 0.004 0.001 0.006 65531 39 13
0.954 1.705 9.403 0.008 0.002 0.01 65531 39 13
0.755 1.64 9.343 0.005 0.005 0.007 65531 39 13
0.719 1.936 9.534 0.023 0.004 0.008 65524 40 20
0.721 1.911 9.461 0.01 0 0.011 65524 40 20
0.809 1.795 9.344 0.005 0.006 0.013 65524 40 20
0.749 1.716 9.372 0.013 0.011 0.012 65524 40 20
0.952 1.729 9.361 0.019 0.015 0.009 65524 40 20
0.924 1.933 9.405 0.023 0.004 0.006 65532 34 14
0.937 1.878 9.396 0.027 0.004 0.004 65532 34 14
0.885 1.75 9.46 0.027 0.012 0.002 65532 34 14
0.995 1.759 9.611 0.031 0.016 0.004 65532 34 14
0.9 1.741 9.525 0.03 0.001 0.006 65532 34 14
0.825 1.719 9.465 0.017 0.011 0.001 65532 32 14
0.675 1.725 9.47 0.003 0.006 0.008 65532 32 14
0.894 1.808 9.516 0.006 0.005 0.011 65532 32 14
0.92 1.741 9.336 0.016 0 0.007 65532 32 14
0.887 1.745 9.362 0.008 0.007 0.003 65532 32 14
0.8 1.776 9.336 0.007 0.008 0.003 65531 33 17
0.925 1.934 9.442 0.02 0.004 0.004 65531 33 17
0.815 1.923 9.378 0.04 0 0.003 65531 33 17
0.921 1.787 9.473 0.045 0.006 0.001 65531 33 17
0.824 1.752 9.508 0.039 0.012 0.002 65531 33 17
0.982 1.802 9.545 0.03 0.017 0.009 65531 33 17
0.924 1.753 9.556 0.019 0.005 0.016 65531 33 17
0.758 1.64 9.452 0.007 0.003 0.012 65531 33 17
0.778 1.684 9.454 0.002 0 0.001 65531 33 17
0.756 1.902 9.513 0.004 0.004 0.004 65531 33 17
0.7 1.829 9.485 0 0.002 0.009 65533 29 15
0.924 1.763 9.491 0.005 0.008 0.009 65533 29 15
0.982 1.691 9.528 0.021 0.001 0.011 65533 29 15
0.902 1.878 9.465 0.027 0.008 0.005 65533 29 15
2.595 6.103 -2.116 0.453 0.369 0.214 30 56 65394
1.338 9.601 0.405 0.236 0.104 0.323 30 56 65394
3.086 11.757 0.226 0.116 0.031 0.413 30 56 65394
1.365 9.363 0.86 0.081 0.046 0.077 30 56 65394
2.279 7.246 -1.237 0.125 0.253 0.048 65535 79 65419
1.498 9.892 0.805 0.272 0.353 0.104 65535 79 65419
0.919 8.53 0.128 0.307 0.357 0.12 65535 79 65419
0.075 10.377 -1.024 0.253 0.281 0.128 65535 79 65419
0.222 9.961 0.065 0.214 0.149 0.255 65535 79 65419
-1.616 7.168 0.226 0.103 0.017 0.386 0 78 65416
2.625 3.1 -1.855 0.1 0.276 0.304 0 78 65416
-2.987 15.235 -4.691 0.131 0.01 0.081 0 78 65416
-4.097 9.064 0.037 0.124 0.232 0.398 0 78 65416
-2.297 8.96 0.782 0.076 0.139 0.254 0 78 65416
-2.906 9.601 -2.663 0.037 0.232 0.151 65518 64 65426
-5.147 10.664 -2.157 0.003 0.167 0.213 65518 64 65426
-2.63 4.438 -4.28 0.045 0.034 0.073 65518 64 65426
-1.62 11.75 -1.134 0.345 0.205 0.1 65518 64 65426
-2.285 9.04 0.574 0.293 0.3 0.253 65518 64 65426
-2.021 10.128 -2.201 0.197 0.439 0.373 65534 60 65410
0.732 11.036 0.544 0.036 0.398 0.372 65534 60 65410
2.983 13.273 0.763 0.324 0.165 0.601 65534 60 65410
-3.798 10.577 0.882 0.518 0.022 0.404 65534 60 65410
4.331 11.172 0.529 0.433 0.75 0.031 65534 60 65410
4.771 8.753 0.998 0.496 0.814 0.281 25 53 65401
2.068 6.726 -1.327 0.406 0.472 0.172 25 53 65401
1.832 9.514 0.04 0.176 0.155 0.344 25 53 65401
2.278 11.355 0.186 0.114 0.038 0.426 25 53 65401
0.954 8.626 -1.197 0.109 0.079 0.074 25 53 65401
2.498 11.107 0.573 0.11 0.222 0.021 65523 73 65423
1.009 11.077 0.738 0.267 0.384 0.056 65523 73 65423
0.858 9.15 0.201 0.255 0.403 0.098 65523 73 65423
0.196 10.26 -1.091 0.179 0.31 0.098 65523 73 65423
0.465 8.662 0.624 0.146 0.135 0.226 65523 73 65423
0.225 8.28 0.288 0.088 0.023 0.403 65531 71 65423
-3.258 10.565 1.832 0.068 0.213 0.402 65531 71 65423
0.441 8.67 -6.168 0.137 0.076 0.059 65531 71 65423
-5.819 9.295 0.767 0.213 0.247 0.36 65531 71 65423
-1.374 7.539 0.556 0.133 0.049 0.204 65531 71 65423
-2.017 8.647 -2.716 0.015 0.161 0.13 65514 90 65432
-5.339 9.947 -2.36 0.004 0.129 0.194 65514 90 65432
-1.502 8.242 -2.099 0.104 0.062 0.071 65514 90 65432
-2.458 11.802 -2.002 0.374 0.201 0.111 65514 90 65432
-3.848 9.158 0.796 0.422 0.252 0.243 65514 90 65432
-1.699 10.83 -2.522 0.249 0.401 0.356 65522 94 65418
0.463 10.917 -1.34 0.019 0.269 0.404 65522 94 65418
3.05 14.642 0.893 0.289 0.142 0.575 65522 94 65418
-4.703 10.536 -2.68 0.472 0.002 0.492 65522 94 65418
2.918 13.054 0.065 0.5 0.656 0.001 65522 94 65418
4.27 9.112 -1.345 0.633 0.755 0.297 1 67 65411
1.811 6.545 -1.868 0.591 0.478 0.172 1 67 65411
0.45 6.939 0.895 0.354 0.229 0.245 1 67 65411
4.565 11.271 0.486 0.148 0.129 0.326 1 67 65411
2.838 9.211 -1.517 0.191 0.015 0.006 1 67 65411
1.413 12.278 0.579 0.099 0.292 0.03 65525 81 65425
0.577 9.107 0.946 0.012 0.403 0.016 65525 81 65425
1.194 8.475 0.017 0.06 0.373 0.031 65525 81 65425
0.235 11.15 0.578 0.05 0.257 0.007 65525 81 65425
0.33 9.416 0.193 0 0.108 0.131 65525 81 65425
-1.152 9.066 1.31 0.127 0.038 0.308 65513 85 65429
-2.29 9.928 2.049 0.378 0.28 0.346 65513 85 65429
2.48 4.716 -4.963 0.52 0.48 0.184 65513 85 65429
-7.151 10.448 -4.809 0.013 0.123 0.339 65513 85 65429
-3.178 8.84 -2.031 0.01 0.155 0.198 65513 85 65429
-2.504 9.346 0.621 0.089 0.031 0.091 4 96 65418
-4.638 7.511 -3.178 0.02 0.057 0.208 4 96 65418
-4.575 6.072 -2.977 0.053 0.08 0.155 4 96 65418
-1.841 8.915 -2.178 0.182 0.077 0.125 4 96 65418
-2.645 6.864 -2.218 0.278 0.151 0.291 4 96 65418
-3.414 10.311 -1.898 0.244 0.245 0.377 20 104 65410
0.615 14.561 0.682 0.207 0.278 0.417 20 104 65410
-2.551 13.005 1.28 0.188 0.075 0.426 20 104 65410
0.961 3.807 -2.352 0.308 0.058 0.047 20 104 65410
3.849 11.937 2.018 0.179 0.271 0.154 20 104 65410
2.414 11.577 -1.238 0.144 0.317 0.184 65523 87 65427
1.587 7.955 0.313 0.081 0.217 0.204 65523 87 65427
2.942 9.46 -1.292 0.036 0.254 0.284 65523 87 65427
5.084 10.168 -1.176 0.078 0.192 0.226 65523 87 65427
1.43 6.466 -2.738 0.171 0.035 0.003 65523 87 65427
1.795 11.774 0.084 0.369 0.224 0.005 2 90 65414
0.943 9.241 -1.802 0.456 0.466 0.112 2 90 65414
0.95 10.104 0.342 0.485 0.547 0.227 2 90 65414
0.082 9.895 -1.406 0.43 0.506 0.25 2 90 65414
0.852 10.225 0.514 0.406 0.297 0.4 2 90 65414
0.847 7.782 0.578 0.313 0.045 0.564 65512 100 65438
2.324 2.68 -4.381 0.139 0.175 0.619 65512 100 65438
0.705 15.77 -2.656 0.404 0.105 0.209 65512 100 65438
-5.696 14.712 -1.6 0.018 0.393 0.268 65512 100 65438
-4.047 8.451 -2.883 0.269 0.415 0.018 65512 100 65438
-3.572 6.908 -3.335 0.094 0.329 0.028 27 105 65413
-5.89 9.843 -4.384 0.048 0.003 0.017 27 105 65413
-3.6 7.941 -4.469 0.012 0.208 0.088 27 105 65413
-2.746 7.852 -4.311 0.054 0.474 0.057 27 105 65413
-2.242 9.928 -2.579 0.216 0.692 0.102 27 105 65413
-2.686 11.409 -4.43 0.578 0.713 0.223 19 105 65411
-1.137 9.858 -3.234 0.976 0.668 0.294 19 105 65411
0.258 11.554 -2.481 -1.331 0.626 0.442 19 105 65411
0.767 13.935 0.666 -1.834 0.308 0.536 19 105 65411
0.134 8.213 -3.818 -2.072 0.036 0.22 19 105 65411
2.618 9.671 -2.181 -1.966 0.183 0.016 65520 92 65428
2.106 7.781 -2.157 -1.802 0.091 0.066 65520 92 65428
1.701 10.09 -2.553 -1.613 0.009 0.134 65520 92 65428
1.806 9.056 0.604 -1.551 0.007 0.147 65520 92 65428
3.27 6.314 -2.89 -1.497 0.023 0.278 65520 92 65428
0.707 6.479 -1.656 -1.331 0.296 0.362 65518 100 65452
0.177 7.787 0.384 -1.055 0.567 0.323 65518 100 65452
0.763 7.48 1.375 -1.183 0.894 0.25 65518 100 65452
0.189 7.617 2.596 -1.36 0.984 0.295 65518 100 65452
0.185 12.688 3.106 -1.524 1.034 0.189 65514 94 65468
-2.905 7.613 1.577 -1.908 0.9 0.415 65514 94 65468
-2.284 3.209 0.608 -2.16 0.572 0.547 65514 94 65468
-3.04 3.331 1.061 -2.021 0.158 0.44 65514 94 65468
0.418 5.941 3.785 -1.94 0.067 0.292 65514 94 65468
-1.956 8.981 3.942 -2.117 0.085 0.559 0 92 65450
-1.637 7.163 4.315 -2.315 0.091 0.467 0 92 65450
-1.492 10.268 4.09 -2.294 0.223 0.267 0 92 65450
0.512 8.775 5.163 -2.357 0.309 0.104 0 92 65450
2.554 12.573 7.787 -2.18 0.183 0.195 0 92 65450
2.887 8.683 7.04 -2.211 0.009 0.414 3 67 65469
0.308 5.103 7.102 -2.079 0.191 0.255 3 67 65469
1.318 3.131 8.558 -1.566 0.306 0.2 3 67 65469
-1.355 -2.53 6.661 0.976 0.596 0.115 3 67 65469
-3.205 0.885 6.58 0.679 0.552 0.03 3 67 65469
0.793 3.819 7.779 0.687 0.367 0.129 65511 91 65507
3.023 4.274 6.819 0.97 0.371 0.326 65511 91 65507
-3.514 8.973 9.439 -1.376 0.576 0.51 65511 91 65507
0.373 2.707 7.012 -2.004 0.208 0.684 65511 91 65507
0.26 3.715 6.591 -2.032 0.177 0.889 65511 91 65507
-1.546 2.828 6.663 -1.976 0.19 0.886 65517 79 65521
0.223 3.507 8.089 -1.763 0.027 0.773 65517 79 65521
-1.881 9.941 10.754 -1.724 0.415 0.981 65517 79 65521
-2.12 4.434 8.98 -1.933 0.927 1.092 65517 79 65521
1.861 1.446 8.316 -1.5 -1.209 1.061 65517 79 65521
4.266 0.752 8.335 0.98 -1.23 0.894 65513 75 9
5.403 -1.687 7.869 0.762 0.788 0.707 65513 75 9
6.43 3.696 8.723 0.59 0.103 0.726 65513 75 9
5.464 3.08 11.398 0.995 0.383 0.564 65513 75 9
0.403 6.472 11.714 -1.38 0.831 0.525 65513 75 9
1.189 1.08 10.289 -1.683 0.606 0.401 10 84 22
-1.159 0.8 10.662 -1.411 0.324 0.359 10 84 22
1.97 2.033 12.405 0.991 0.048 0.201 10 84 22
7.013 4.525 8.508 0.454 0.101 0.135 10 84 22
4.054 4.826 12.613 0.112 0.19 0.023 10 84 22
6.852 1.394 10.724 0.013 0.456 0.136 65527 37 55
2.48 0.198 10.5 0.092 0.213 0.291 65527 37 55
1.57 0.64 8.514 0.05 0.129 0.49 65527 37 55
2.148 0.726 9.635 0.073 0.019 0.595 65527 37 55
1.612 1.073 8.621 0.17 0.104 0.554 65527 37 55
1.03 1.304 8.798 0.31 0.231 0.426 32 28 40
0.245 1.285 8.453 0.494 0.228 0.235 32 28 40
0.025 2.039 8.628 0.564 0.083 0.01 32 28 40
0.457 2.736 8.4 0.537 0.019 0.178 32 28 40
0.513 3.1 8.048 0.407 0.029 0.306 32 28 40
0.195 2.882 7.219 0.175 0.044 0.374 24 52 40
1.082 6.118 10.443 0.129 0.087 0.337 24 52 40
1.319 3.175 9.454 0.03 0.069 0.318 24 52 40
2.167 1.479 9.598 0.289 0.091 0.352 24 52 40
3.744 0.632 10.139 0.452 0.019 0.274 24 52 40
2.565 0.243 9.871 0.591 0.215 0.101 13 43 49
1.064 0.653 9.922 0.683 0.21 0.01 13 43 49
1.108 -1.162 9.435 0.707 0.058 0.049 13 43 49
0.343 0.714 9.358 0.684 0.091 0.052 13 43 49
1.563 0.178 9.652 0.526 0.206 0.023 13 43 49
2.661 0.604 9.819 0.27 0.083 0.036 27 59 41
0.774 1.006 10.436 0.078 0.163 0.031 27 59 41
0.248 0.809 10.12 0.002 0.176 0.01 27 59 41
1.195 0.61 10.22 0.049 0.08 0.013 27 59 41
1.035 0.663 9.895 0.079 0.078 0.066 27 59 41
1.438 0.762 9.715 0.09 0.075 0.087 47 57 37
1.125 0.896 9.391 0.095 0.065 0.079 47 57 37
1.013 1.148 9.121 0.113 0.065 0.049 47 57 37
1.404 1.441 9.299 0.116 0.041 0.008 47 57 37
1.222 1.337 9.345 0.097 0.035 0.019 47 57 37
1.151 1.522 9.544 0.088 0.027 0.043 35 57 31
1.113 1.566 9.38 0.066 0.017 0.036 35 57 31
1.128 1.49 9.299 0.027 0.013 0.013 35 57 31
1.155 1.308 9.236 0.005 0.011 0.012 35 57 31
1.13 1.568 9.047 0.049 0.027 0.031 35 57 31
1.12 1.644 9.119 0.11 0.033 0.036 27 55 23
1.197 1.391 9.265 0.16 0.039 0.035 27 55 23
0.973 1.258 9.484 0.183 0.038 0.033 27 55 23
0.981 1.296 9.575 0.193 0 0.032 27 55 23
1.06 0.924 9.512 0.201 0.017 0.033 27 55 23
0.964 0.878 9.498 0.196 0.014 0.042 28 52 28
1.254 0.712 9.741 0.185 0.008 0.042 28 52 28
0.986 0.896 9.393 0.186 0.007 0.049 28 52 28
1.309 1.082 9.554 0.158 0.015 0.051 28 52 28
1.441 0.889 9.607 0.128 0.004 0.037 28 52 28
1.132 0.812 9.594 0.108 0.014 0.028 21 47 19
1.259 0.876 9.543 0.099 0.011 0.023 21 47 19
1.195 0.93 9.659 0.078 0.017 0.016 21 47 19
1.06 0.846 9.77 0.053 0.029 0.006 21 47 19
1.045 0.806 9.739 0.031 0.021 0.001 21 47 19
1.077 0.926 9.793 0.007 0.011 0.002 14 56 18
1.103 0.828 9.708 0.014 0.009 0.001 14 56 18
1.057 0.873 9.586 0.032 0.016 0.006 14 56 18
1.01 0.963 9.576 0.041 0.015 0.003 14 56 18
1.041 1.098 9.538 0.047 0.002 0.005 14 56 18
1.267 1.23 9.483 0.045 0.003 0.007 15 47 19
1.066 1.067 9.49 0.051 0.013 0.002 15 47 19
0.976 1.242 9.489 0.055 0.008 0.007 15 47 19
1.169 1.193 9.516 0.039 0.018 0.007 15 47 19
1.207 1.167 9.404 0.02 0.013 0.002 15 47 19
1.161 1.171 9.427 0.012 0.001 0.002 8 50 18
1.24 1.219 9.398 0 0.009 0.008 8 50 18
1.12 1.247 9.393 0.017 0.009 0.003 8 50 18
1.043 1.191 9.435 0.034 0.006 0 8 50 18
1.192 1.069 9.457 0.048 0.008 0.004 8 50 18
1.246 1.069 9.451 0.052 0 0.012 7 41 25
1.034 1.085 9.57 0.049 0.012 0.018 7 41 25
1.137 1.029 9.471 0.042 0.001 0.017 7 41 25
1.185 0.985 9.548 0.038 0.002 0.008 7 41 25
1.108 1.061 9.607 0.041 0.005 0.001 7 41 25
0.98 1.072 9.509 0.033 0.006 0.001 6 44 24
1.091 0.97 9.588 0.019 0 0.001 6 44 24
1.304 1.1 9.51 0.013 0.006 0 6 44 24
1.06 1.197 9.519 0.007 0.011 0.005 6 44 24
1.256 1.192 9.419 0.01 0.001 0.01 6 44 24
1.211 1.189 9.361 0.018 0.004 0.015 6 40 22
1.126 1.097 9.398 0.033 0.007 0.015 6 40 22
1.119 1.218 9.465 0.056 0.005 0.012 6 40 22
1.067 1.101 9.47 0.071 0.004 0.013 6 40 22
1.042 1.01 9.476 0.074 0.02 0.013 6 40 22
1.156 1.025 9.485 0.077 0.021 0.003 14 36 28
1.225 1.255 9.471 0.081 0.003 0 14 36 28
0.905 1.152 9.366 0.086 0.009 0.005 14 36 28
1.12 0.942 9.44 0.101 0.024 0.015 14 36 28
1.174 0.97 9.439 0.114 0.032 0.025 14 36 28
1.217 0.986 9.476 0.117 0.019 0.022 10 34 24
1.016 0.858 9.461 0.124 0.012 0.013 10 34 24
1.206 0.853 9.413 0.13 0.028 0.017 10 34 24
1.327 0.925 9.607 0.137 0.035 0.014 10 34 24
1.101 0.98 9.674 0.133 0.022 0.009 10 34 24
1.148 0.782 9.647 0.126 0.037 0.008 13 31 27
1.309 0.854 9.654 0.114 0.039 0.014 13 31 27
1.086 0.877 9.654 0.102 0.016 0.009 13 31 27
1.224 0.816 9.65 0.09 0.026 0.008 13 31 27
1.38 0.697 9.634 0.073 0.023 0.012 13 31 27
2.595 6.862 -3.173 0.139 0.274 0.214 65529 65 65437
1.248 9.73 -1.186 0.268 0.448 0.085 65529 65 65437
1.953 8.846 -1.646 0.227 0.495 0.007 65527 75 65435
0.593 11.142 -1.486 0.148 0.454 0.064 65527 75 65435
2.455 7.831 0.586 0.044 0.214 0.268 65527 75 65435
0.187 5.251 0.55 0.251 0.113 0.402 65527 75 65435
0.689 9.296 0.201 0.428 0.18 0.528 65527 75 65435
0.567 19.612 -1.241 0.346 0.391 0.317 65525 63 65449
-5.977 9.451 1.285 0.383 0.117 0.146 65525 63 65449
-1.048 8.315 0.897 0.534 0.145 0.194 65525 63 65449
-4.479 5.307 -3.94 0.177 0.236 0.1 65525 63 65449
-3.84 9.166 -1.681 0.045 0.156 0.015 65525 63 65449
-3.543 9.769 -3.313 0.192 0.042 0.077 65525 79 65433
-2.535 9.039 -1.303 0.367 0.126 0.025 65525 79 65433
-2.036 9.612 -1.176 0.279 0.244 0.135 65525 79 65433
-2.473 10.476 -1.254 0.166 0.327 0.249 65525 79 65433
-1.163 10.168 0.987 0.015 0.22 0.279 65525 79 65433
0.63 9.719 0.913 0.278 0.023 0.453 13 49 65417
-2.722 8.889 -1.948 0.446 0.29 0.279 13 49 65417
2.851 12.403 -1.505 0.185 0.288 0.075 13 49 65417
4.241 10.599 -1.006 0.31 0.502 0.007 13 49 65417
0.913 7.101 -1.011 0.266 0.364 0.02 13 49 65417
3.562 8.947 -1.636 0.157 0.323 0.094 65525 67 65441
5.432 10.937 -1.738 0.017 0.229 0.048 65525 67 65441
1.489 6.739 -2.912 0.04 0.101 0.17 65525 67 65441
2.896 10.382 0.859 0.221 0.305 0.075 65525 67 65441
2.414 10.905 0.377 0.297 0.481 0.002 65525 67 65441
1.004 9.491 -1.252 0.273 0.492 0.025 65519 77 65439
0.475 10.833 0.154 0.254 0.368 0.112 65519 77 65439
0.565 6.222 0.355 0.047 0.214 0.337 65519 77 65439
-1.683 7.275 1.425 0.018 0.022 0.405 65519 77 65439
1.277 9.344 -2.37 0.191 0.314 0.365 65519 77 65439
-1.474 15.693 -4.414 0.083 0.037 0.198 65533 57 65439
-7.829 8.396 0.627 0.193 0.284 0.246 65533 57 65439
0.058 11.008 -3.506 0.092 0.266 0.147 65533 57 65439
-2.98 6.372 -2.902 0.097 0.326 0.066 65533 57 65439
-5.418 11.481 -2.219 0.187 0.242 0.005 65533 57 65439
-2.826 8.47 -3.427 0.422 0.059 0.147 9 73 65429
-2.256 7.84 -1.778 0.434 0.137 0.036 9 73 65429
-3.447 10.668 -1.286 0.354 0.294 0.242 9 73 65429
-1.243 11.055 -1.447 0.144 0.401 0.287 9 73 65429
0.555 10.375 0.064 0.064 0.228 0.379 9 73 65429
-3.24 9.481 -1.623 0.271 0.014 0.573 11 81 65411
0.058 14.296 -1.211 0.19 0.455 0.221 11 81 65411
4.601 11.216 0.195 0.213 0.899 0.081 11 81 65411
2.886 8.671 -1.95 0.353 0.599 0.001 11 81 65411
0.526 7.08 -1.707 0.065 0.273 0.053 11 81 65411
4.933 11.768 -1.076 0.121 0.014 0.176 65531 59 65433
3.144 7.437 -1.833 0.012 0.166 0.035 65531 59 65433
3.693 8.911 -2.603 0.048 0.385 0.162 65531 59 65433
1.498 8.225 -2.431 0.094 0.638 0.046 65531 59 65433
1.487 9.576 0.645 0.138 0.697 0.085 65531 59 65433
0.885 9.594 -1.262 0.011 0.431 0.059 65532 66 65434
1.097 10.652 1.042 0.037 0.102 0.12 65532 66 65434
0.599 8.769 0.972 0.333 0.061 0.409 65532 66 65434
-1.844 7.018 0.16 0.436 0.002 0.509 65532 66 65434
2.91 16.821 -3.775 0.419 0.278 0.557 65532 66 65434
-4.454 12.958 0.69 0.174 0.016 0.069 6 56 65424
-3.46 5.531 0.915 0.358 0.359 0.044 6 56 65424
-2.765 10.874 -2.682 0.099 0.421 0.247 6 56 65424
-4.065 8.189 -2.805 0.127 0.129 0.009 6 56 65424
-4.531 8.605 -2.437 0.218 0.084 0.019 6 56 65424
-2.625 9.466 -2.22 0.549 0.253 0.131 1 67 65433
-4.321 6.622 -1.283 0.454 0.247 0.004 1 67 65433
-3.895 7.742 -2.914 0.081 0.443 0.195 1 67 65433
-2.883 1.89 -5.389 0.157 0.324 0.258 1 67 65433
-2.632 8.498 0.743 0.225 0.092 0.427 1 67 65433
2.614 13.466 3.368 0.455 0.024 0.602 16 74 65428
-1.221 18.017 0.779 0.53 0.05 0.367 16 74 65428
3.412 12.987 -1.405 0.153 0.876 0.031 16 74 65428
5.76 10.109 0.016 0.211 -1.039 0.019 16 74 65428
2.826 8.567 -1.757 0.21 0.406 0.066 16 74 65428
3.843 7.854 -2.619 0.095 0.087 0.132 65526 66 65436
3.824 5.228 -2.674 0.246 0.094 0.077 65526 66 65436
1.655 9.773 -2.533 0.305 0.386 0.11 65526 66 65436
1.522 10.169 -1.52 0.421 0.519 0.019 65526 66 65436
1.661 9.385 -1.787 0.38 0.551 0.071 65526 66 65436
0.286 9.792 0.895 0.183 0.426 0.074 8 70 65438
0.22 10.219 0.603 0.092 0.111 0.19 8 70 65438
0.338 7.587 0.48 0.059 0.088 0.307 8 70 65438
0.86 6.892 0.093 0.101 0.177 0.351 8 70 65438
4.708 13.419 -5.066 0.035 0.19 0.344 8 70 65438
-7.326 14.8 -2.489 0.272 0.357 0.295 18 60 65432
-5.572 9.636 0.09 0.211 0.379 0.122 18 60 65432
-1.51 7.198 -4.265 0.183 0.308 0.128 18 60 65432
-5.385 9.907 -1.46 0.035 0.14 0.05 18 60 65432
-1.007 7.843 -1.666 0.201 0.265 0.001 18 60 65432
-1.946 10.845 0.073 0.51 0.344 0.039 15 69 65419
-2.202 10.158 0.381 0.297 0.385 0.046 15 69 65419
-2.148 13.552 -1.544 0.005 0.442 0.213 15 69 65419
0.629 7.177 -1.467 0.24 0.371 0.318 15 69 65419
0.307 11.939 0.239 0.423 0.269 0.487 15 69 65419
-4.107 3.035 -4.368 0.817 0.035 0.543 29 81 65425
-2.205 12.477 -3.812 0.402 0.438 0.126 29 81 65425
5.322 10.36 0.603 0.354 -1.119 0.148 29 81 65425
4.976 9.105 -1.108 0.358 0.776 0.028 29 81 65425
3.149 6.904 -2.558 0.346 0.165 0.08 29 81 65425
4.351 10.443 -1.464 0.072 0.092 0.238 65514 70 65448
1.181 10.85 0.438 0.036 0.11 0.034 65514 70 65448
2.322 8.997 -2.726 0.133 0.341 0.06 65514 70 65448
0.234 9.964 -1.405 0.25 0.495 0.004 65514 70 65448
1.855 9.166 0.094 0.221 0.508 0.028 65514 70 65448
0.101 9.278 -1.187 0.163 0.42 0.009 17 65 65433
0.18 10.275 0.661 0.08 0.189 0.164 17 65 65433
0.526 7.444 0.341 0.039 0.025 0.285 17 65 65433
-3.253 6.305 0.566 0.167 0.206 0.282 17 65 65433
4.593 15.321 -7.383 0.148 0.344 0.259 17 65 65433
-6.46 13.32 -2.941 0.314 0.342 0.268 30 76 65430
-4.815 5.108 -2.759 0.249 0.347 0.013 30 76 65430
-3.749 7.608 -5.695 0.178 0.242 0.156 30 76 65430
-2.571 10.526 -2.762 0.23 0.075 0.058 30 76 65430
0.841 2.415 -6.27 0.138 0.184 0.111 30 76 65430
-1.195 10.905 -2.694 0.021 0.226 0.197 20 78 65416
-1.479 11.974 -2.583 0.337 0.262 0.155 20 78 65416
0.839 11.812 -2.772 0.746 0.287 0.092 20 78 65416
-1.744 9.864 -3.296 -1.171 0.223 0.046 20 78 65416
0.488 13.786 -1.857 -1.457 0.203 0.136 20 78 65416
-1.007 8.082 -2.093 -1.875 0.048 0.146 43 79 65427
1.307 5.718 -1.935 -1.934 0.013 0.016 43 79 65427
0.553 9.826 0.97 -1.825 0.06 0.182 43 79 65427
0.732 11.433 1.783 -1.702 0.025 0.159 43 79 65427
0.82 11.422 0.428 -1.618 0.118 0.038 43 79 65427
0.446 9.591 0.026 -1.581 0.183 0.066 65535 77 65447
0.208 9.221 1.206 -1.379 0.138 0.125 65535 77 65447
1.886 11.247 1.283 -1.027 0.172 0.116 65535 77 65447
0.95 9.267 1.572 0.812 0.313 0.118 65535 77 65447
1.37 8.121 1.929 0.802 0.414 0.167 65535 77 65447
-1.095 10.494 1.407 -1.006 0.446 0.266 19 91 65453
0.799 13.867 2.539 -1.351 0.405 0.344 19 91 65453
-2.1 4.899 1.629 -1.797 0.226 0.628 19 91 65453
-6.542 4.523 0.225 -1.787 0.002 0.716 19 91 65453
0.793 6.178 3.014 -1.567 0.344 0.517 19 91 65453
-3.068 8.049 2.762 -1.914 0.378 0.72 65513 89 65475
-2.537 8.657 2.821 -2.241 0.283 0.481 65513 89 65475
-3.282 12.059 4.599 -2.364 0.553 0.299 65513 89 65475
0.047 7.481 1.525 -2.304 0.967 0.211 65513 89 65475
0.891 9.949 3.64 -2.343 0.929 0.023 6 50 65482
4.909 6.94 5.485 -2.409 0.572 0.337 6 50 65482
3.742 6.762 4.339 -2.214 0.257 0.217 6 50 65482
0.998 5.197 6.969 -1.914 0.049 0.045 6 50 65482
1.635 0.092 6.402 -1.675 0.116 0.083 6 50 65482
1.657 0.292 7.283 -1.509 0.053 0.107 65520 66 65500
2.218 1.484 9.123 -1.432 0.154 0.274 65520 66 65500
2.54 1.491 7.459 -1.526 0.005 0.456 65520 66 65500
2.622 0.562 8.59 -1.447 0.247 0.663 65520 66 65500
2.95 3.039 9.192 -1.283 0.568 0.788 65520 66 65500
1.077 5.467 9.131 -1.137 0.745 0.914 65492 50 0
-5.258 7.807 10.733 -1.193 0.825 1.026 65492 50 0
0.245 6.736 9.422 -1.568 0.385 0.987 65492 50 0
-2.28 7.055 11.314 -1.549 0.174 1.128 65492 50 0
-2.402 3.742 9.044 -1.32 0.17 1.307 65492 50 0
1.162 3.835 9.994 -1.028 0.521 1.303 4 56 65530
1.842 2.334 8.756 0.798 0.549 1.32 4 56 65530
2.645 0.223 8.848 0.726 0.338 1.16 4 56 65530
4.401 1.414 8.219 0.73 0.168 0.941 4 56 65530
7.9 2.821 11.555 0.793 0.555 0.761 4 56 65530
3.029 1.869 10.011 -1.01 0.92 0.696 16 44 6
3.196 2.175 10.329 -1.012 0.917 0.501 16 44 6
0.464 1.861 10.895 0.797 0.914 0.418 16 44 6
0.47 1.08 10.623 0.552 0.564 0.358 16 44 6
0.982 0.535 9.998 0.233 0.111 0.287 16 44 6
0.248 3.122 10.555 0.126 0.19 0.117 7 65 9
3.385 1.077 9.327 0.18 0.114 0.177 7 65 9
2.62 3.569 9.564 0.255 0.252 0.326 7 65 9
-7.642 4.516 10.479 0.106 0.546 0.342 7 65 9
-2.069 3.736 7.982 0.104 0.111 0.366 7 65 9
0.225 4.277 7.838 0.337 0.111 0.324 65531 47 39
0.128 3.561 7.873 0.747 0.261 0.287 65531 47 39
0.676 1.298 7.321 0.782 0.337 0.163 65531 47 39
0.441 3.013 8.128 0.846 0.428 0.013 65531 47 39
1.143 2.871 9.568 0.762 0.498 0.14 65531 47 39
-1.122 5.318 9.878 0.564 0.4 0.297 21 69 37
0.501 3.47 7.493 0.426 0.373 0.324 21 69 37
2.752 4.796 9.191 0.09 0.372 0.323 21 69 37
3.13 1.535 9.656 0.515 0.126 0.375 21 69 37
3.391 0.207 9.047 0.989 0.229 0.45 21 69 37
3.107 0.517 10.266 0.919 0.4 0.362 65534 74 54
0.569 2.722 11.143 -1.047 0.366 0.252 65534 74 54
0.703 1.402 10.516 -1.237 0.144 0.24 65534 74 54
2.606 0.353 10.963 -1.269 0.061 0.154 65534 74 54
0.727 0.486 9.708 -1.088 0.077 0.149 65534 74 54
1.371 0.198 10.241 0.846 0.182 0.138 13 49 65
2.396 0.032 10.851 0.604 0.158 0.106 13 49 65
2.41 0.705 10.097 0.348 0.055 0.102 13 49 65
1.528 0.067 11.489 0.133 0.205 0.061 13 49 65
0.251 0.189 10.827 0.003 0.102 0.047 13 49 65
1.351 0.269 10.55 0.122 0.07 0.049 33 45 61
1.539 0.005 10.362 0.176 0.101 0.084 33 45 61
1.91 0.124 9.801 0.2 0.116 0.092 33 45 61
2.23 0.317 9.731 0.238 0.139 0.094 33 45 61
2.201 0.519 9.401 0.264 0.197 0.076 33 45 61
1.719 0.927 9.472 0.277 0.274 0.061 27 53 49
1.562 0.921 9.258 0.287 0.296 0.045 27 53 49
1.745 0.731 8.888 0.306 0.305 0.038 27 53 49
0.846 0.699 8.929 0.306 0.348 0.041 27 53 49
0.308 1.261 9.211 0.283 0.363 0.042 27 53 49
0.426 1.302 9.121 0.26 0.297 0.045 24 58 40
1.101 1.472 9.149 0.24 0.241 0.06 24 58 40
1.086 1.928 8.986 0.198 0.207 0.07 24 58 40
1.343 2.079 9.132 0.132 0.182 0.059 24 58 40
1.604 1.325 8.626 0.032 0.188 0.042 24 58 40
0.859 1.38 9.175 0.068 0.216 0.03 19 55 29
0.326 2.126 9.691 0.165 0.184 0.039 19 55 29
0.123 1.659 9.866 0.231 0.134 0.055 19 55 29
0.515 1.444 9.485 0.261 0.087 0.064 19 55 29
0.215 1.365 9.546 0.293 0.037 0.07 19 55 29
0.505 1.217 9.701 0.325 0.002 0.072 15 51 25
1.138 0.719 9.726 0.343 0.04 0.056 15 51 25
0.86 0.744 9.777 0.333 0.07 0.037 15 51 25
1.016 0.535 9.829 0.317 0.087 0.01 15 51 25
0.95 0.841 9.685 0.273 0.093 0.003 15 51 25
0.82 0.629 9.86 0.247 0.086 0.017 16 52 20
1.217 0.333 9.667 0.219 0.1 0.027 16 52 20
1.023 0.462 9.801 0.166 0.071 0.026 16 52 20
0.928 0.347 9.886 0.156 0.044 0.022 16 52 20
1.331 0.229 9.862 0.126 0.038 0.02 16 52 20
0.994 0.045 9.844 0.063 0.004 0.02 16 44 20
0.781 0.092 9.684 0.026 0.021 0.006 16 44 20
0.967 0.42 9.629 0.003 0.021 0.013 16 44 20
1.156 0.574 9.594 0.012 0.037 0.027 16 44 20
1.091 0.562 9.422 0.02 0.049 0.025 16 44 20
0.766 0.87 9.296 0.018 0.057 0.024 7 43 27
0.444 1.148 9.083 0.004 0.037 0.026 7 43 27
0.533 1.143 9.783 0.038 0.032 0.029 7 43 27
1.049 1.018 9.303 0.077 0.016 0.016 7 43 27
0.735 0.878 9.255 0.115 0.005 0.011 7 43 27
0.72 0.162 9.708 0.13 0.022 0.006 14 42 26
0.91 1.164 9.949 0.059 0.04 0.001 14 42 26
0.881 0.541 9.733 0.049 0.035 0.01 14 42 26
1.222 0.45 9.84 0.067 0.042 0.005 14 42 26
1.161 0.259 9.877 0.044 0.012 0.002 14 42 26
0.97 0.254 9.68 0.025 0.009 0.004 9 41 31
1.098 0.614 9.577 0.028 0.004 0.004 9 41 31
1.006 0.745 9.435 0.024 0.014 0.012 9 41 31
0.905 0.565 9.575 0.031 0.021 0.017 9 41 31
0.78 0.482 9.701 0.028 0.021 0.011 9 41 31
0.749 0.577 9.568 0.022 0.011 0.005 6 38 42
0.984 0.673 9.552 0.029 0.015 0.003 6 38 42
0.96 0.49 9.406 0.034 0.012 0.002 6 38 42
1.007 0.342 9.692 0.035 0.001 0.001 6 38 42
0.958 0.474 9.588 0.027 0 0 6 38 42
0.864 0.651 9.583 0.031 0.003 0.007 0 40 36
1.001 0.566 9.621 0.029 0.004 0.011 0 40 36
0.786 0.822 9.645 0.019 0.021 0.009 0 40 36
1.034 0.539 9.77 0.037 0 0.004 0 40 36
0.958 0.737 9.575 0.033 0.009 0.005 0 40 36
1.053 0.59 9.554 0.027 0.005 0.001 7 39 41
1.155 0.543 9.64 0.032 0.003 0.006 7 39 41
0.976 0.331 9.706 0.034 0.01 0.004 7 39 41
0.891 0.582 9.582 0.027 0.013 0.004 7 39 41
0.938 0.597 9.51 0.025 0.013 0.012 7 39 41
0.948 0.533 9.557 0.027 0.015 0.011 3 39 45
0.869 0.582 9.649 0.03 0.013 0.006 3 39 45
0.905 0.578 9.581 0.029 0.002 0.004 3 39 45
0.865 0.611 9.522 0.027 0.003 0.004 3 39 45
1.096 0.49 9.709 0.03 0.005 0.003 3 39 45
0.908 0.675 9.697 0.026 0.009 0.005 4 38 46
0.999 0.533 9.595 0.031 0.003 0.005 4 38 46
1.004 0.459 9.495 0.028 0.002 0.007 4 38 46
0.956 0.463 9.605 0.034 0.001 0.005 4 38 46
0.878 0.624 9.616 0.03 0.001 0.005 4 38 46
0.878 0.614 9.554 0.028 0.001 0.006 6 36 54
0.896 0.489 9.549 0.027 0.001 0.007 6 36 54
1.2 0.38 9.532 0.033 0.004 0.004 6 36 54
0.864 0.441 9.502 0.03 0.002 0.005 6 36 54
0.842 0.548 9.615 0.029 0.006 0.003 6 36 54
0.987 0.441 9.601 0.027 0.004 0.008 3 37 55
0.964 0.505 9.571 0.026 0.002 0.01 3 37 55
0.921 0.598 9.636 0.028 0 0.007 3 37 55
1.004 0.566 9.579 0.03 0.001 0.006 3 37 55
0.83 0.526 9.561 0.026 0.007 0.004 3 37 55
0.968 0.474 9.678 0.031 0.002 0.005 6 36 60
0.914 0.653 9.585 0.031 0.005 0.006 6 36 60
1.005 0.535 9.54 0.031 0.005 0.007 6 36 60
0.994 0.484 9.516 0.03 0.002 0.009 6 36 60
0.956 0.525 9.613 0.028 0.002 0.006 6 36 60
0.91 0.572 9.594 0.027 0.003 0.005 2 42 62
0.894 0.55 9.606 0.026 0.003 0.009 2 42 62
0.96 0.366 9.597 0.031 0.006 0.01 2 42 62
1.001 0.585 9.542 0.031 0.008 0.009 2 42 62
0.903 0.63 9.531 0.031 0.004 0.007 2 42 62
0.964 0.536 9.63 0.03 0.001 0.005 0 40 62
1.035 0.511 9.66 0.029 0.001 0.006 0 40 62
0.884 0.594 9.595 0.028 0.001 0.005 0 40 62
0.988 0.617 9.579 0.033 0.011 0.007 0 40 62
1.094 0.514 9.546 0.033 0.013 0.009 0 40 62
1.17 0.481 9.424 0.031 0.002 0.007 2 44 54
1.066 0.642 9.636 0.029 0.007 0.005 2 44 54
0.908 0.656 9.593 0.024 0.012 0.008 2 44 54
0.995 0.527 9.588 0.025 0.005 0.012 2 44 54
1.003 0.524 9.558 0.026 0.003 0.012 2 44 54
1.039 0.545 9.562 0.026 0 0.011 7 41 61
0.831 0.536 9.557 0.027 0.004 0.007 7 41 61
1.063 0.501 9.621 0.034 0.008 0.007 7 41 61
1.021 0.554 9.552 0.03 0.002 0.006 7 41 61
1.028 0.661 9.641 0.028 0.007 0.002 7 41 61
1.035 0.545 9.586 0.026 0.009 0.004 5 41 63
1.018 0.496 9.591 0.027 0.007 0.008 5 41 63
0.94 0.594 9.637 0.028 0.009 0.007 5 41 63
0.944 0.644 9.605 0.03 0.006 0.006 5 41 63
1.09 0.484 9.544 0.03 0.002 0.007 5 41 63
0.979 0.428 9.555 0.028 0.003 0.006 0 40 62
0.984 0.547 9.611 0.029 0.005 0.003 0 40 62
0.924 0.542 9.659 0.029 0.009 0.003 0 40 62
0.91 0.483 9.617 0.028 0.003 0.006 0 40 62
-9.223 7.921 -3.415 0.077 0.322 0.065 25 65 65417
-2.311 11.803 0.626 0.304 0.232 0.131 25 65 65417
-1.746 8.463 -2.742 0.318 0.409 0.117 25 65 65417
-3.163 12.011 0.857 0.324 0.275 0.098 25 65 65417
-2.75 11 0.979 0.094 0.195 0.212 12 80 65414
-2.413 8.804 -1.877 0.138 0.166 0.239 12 80 65414
0.314 5.817 -1.917 0.333 0.194 0.42 12 80 65414
-6.839 7.505 -2.765 0.555 0.148 0.521 12 80 65414
5.521 8.354 -2.182 0.681 0.737 0.021 0 58 65428
1.686 5.538 -1.638 0.476 0.529 0.222 0 58 65428
2.339 8.652 0.899 0.278 0.243 0.07 0 58 65428
5.43 12.598 -1.144 0 0.106 0.099 0 58 65428
0.762 9.027 0.89 0.011 0.154 0.335 0 58 65428
1.176 8.538 -1.736 0.062 0.351 0.239 65533 57 65431
2.346 9.033 -1.504 0.174 0.407 0.147 65533 57 65431
1.134 10.026 0.112 0.162 0.404 0.149 65533 57 65431
0.848 10.366 -1.092 0.033 0.267 0.027 65533 57 65431
1 6.352 0.326 0.081 0.099 0.246 65533 57 65431
0.598 4.86 0.043 0.319 0.057 0.385 65535 89 65431
0.893 9.782 0.148 0.472 0.212 0.503 65535 89 65431
1.121 4.339 -8.68 0.684 0.472 0.283 65535 89 65431
-4.175 6.514 0.992 0.322 0.039 0.115 65535 89 65431
-3.259 5.288 -2.616 0.418 0.163 0.313 65535 89 65431
-1.223 7.752 0.706 0.069 0.13 0.335 0 52 65438
-4.034 13.111 0.951 0.104 0.178 0.117 0 52 65438
-2.333 10.316 -1.169 0.083 0.154 0.236 0 52 65438
-2.147 10.688 0.117 0.14 0.056 0.227 0 52 65438
-1.193 8.417 -1.035 0.008 0.165 0.006 0 52 65438
-3.924 10.163 0.568 0.07 0.138 0.188 19 61 65425
0.258 12.69 1.47 0.01 0.22 0.248 19 61 65425
0.317 6.339 0.077 0.332 0.057 0.229 19 61 65425
2.279 9.156 1.41 0.34 0.103 0.025 19 61 65425
0.785 9.592 0.671 0.391 0.089 0.038 19 61 65425
1.164 11.639 -1.917 0.129 0.18 0.052 65526 74 65434
2.317 6.266 0.114 0.226 0.365 0.066 65526 74 65434
2.761 10.427 0.512 0.376 0.29 0.002 65526 74 65434
1.584 12.75 0.067 0.354 0.169 0.117 65526 74 65434
0.934 10.714 0.782 0.501 0.108 0.173 65526 74 65434
1.44 9.752 -1.049 0.676 0.003 0.059 65525 71 65437
3.394 9.993 0.647 0.77 0.216 0.03 65525 71 65437
0.899 8.605 -1.557 0.714 0.38 0.009 65525 71 65437
0.452 8.093 -3.191 0.657 0.305 0.118 65525 71 65437
0.951 5.402 0.774 0.405 0.257 0.319 65525 71 65437
-2.64 6.159 0.324 0.182 0.227 0.446 65513 73 65453
1.473 19.612 0.729 0.273 0.061 0.31 65513 73 65453
-4.844 12.795 -2.511 0.183 0.354 0.219 65513 73 65453
-2.883 4.771 -1.212 0.31 0.351 0.059 65513 73 65453
-1.517 8.64 -4.005 0.078 0.389 0.141 65513 73 65453
-7.638 8.398 -3.436 0.087 0.264 0.006 4 80 65438
-1.713 8.373 -3.339 0.414 0.06 0.103 4 80 65438
-3.345 12.808 0.013 0.525 0.214 0.16 4 80 65438
-2.986 10.436 -1.472 0.199 0.411 0.015 4 80 65438
-3.549 10.116 -2.357 0.006 0.466 0.218 4 80 65438
-1.249 8.89 0.313 0.21 0.397 0.28 65510 78 65446
0.28 6.549 0.622 0.484 0.29 0.458 65510 78 65446
0.809 7.413 -2.902 0.755 0.06 0.585 65510 78 65446
-1.351 13.476 -4.619 0.433 0.134 0.211 65510 78 65446
4.368 10.873 0.374 0.471 0.666 0.013 65510 78 65446
0.696 7.065 -2.37 0.577 0.612 0.253 19 77 65427
1.575 7.903 -1.765 0.252 0.408 0.148 19 77 65427
4.027 14.733 0.506 0.025 0.174 0.025 19 77 65427
2.299 10.705 0.338 0 0.108 0.292 19 77 65427
1.391 10.651 -1.55 0.037 0.37 0.237 19 77 65427
1.344 9.707 0.78 0.206 0.456 0.111 65525 55 65429
0.471 9.913 0.307 0.259 0.342 0.109 65525 55 65429
1.316 10.554 -3.603 0.238 0.091 0.139 65525 55 65429
2.766 7.303 -3.784 0.071 0.026 0.057 65525 55 65429
1.279 5.947 -4.076 0.261 0.087 0.202 65525 55 65429
-1.107 6.288 -3.344 0.671 0.135 0.355 65532 72 65432
-1.327 11.083 -3.922 0.966 0.023 0.406 65532 72 65432
-4.416 19.612 -2.302 -1.175 0.126 0.02 65532 72 65432
-7.526 5.637 -6.695 -1.789 0.019 0.124 65532 72 65432
0.311 9.862 -3.661 -1.574 0.267 0.14 65532 72 65432
-1.842 10.831 -1.654 -1.471 0.384 0.155 16 82 65428
-3.867 6.872 -3.375 -1.356 0.561 0.006 16 82 65428
-2.401 8.907 -1.227 -1.249 0.737 0.068 16 82 65428
-1.328 9.91 0.829 -1.335 0.715 0.082 16 82 65428
-1.898 7.745 0.478 -1.549 0.521 0.008 16 82 65428
-1.483 9.026 -1.177 -1.683 0.21 0.107 7 55 65431
0.945 2.876 0.979 -1.508 0.203 0.125 7 55 65431
1.018 8.119 2.179 -1.138 0.243 0.097 7 55 65431
-1.999 7.637 1.145 -1.222 0.183 0.043 7 55 65431
1.929 7.479 2.815 -1.292 0.276 0.135 7 55 65431
0.561 6.088 1.523 -1.614 0.158 0.293 65528 70 65454
1.057 8.852 2.949 -1.721 0.063 0.455 65528 70 65454
0.524 7.359 1.549 -1.889 0.299 0.583 65528 70 65454
1.113 8.111 2.042 -1.696 0.48 0.645 65528 70 65454
1.26 8.493 1.171 -1.685 0.614 0.55 65528 70 65454
1.223 8.074 3.724 -1.412 0.703 0.447 65505 75 65483
-2.7 12.366 4.387 -1.162 0.594 0.511 65505 75 65483
0.767 11.243 4.39 -1.311 0.145 0.679 65505 75 65483
0.846 7.279 5.91 -1.552 0.113 0.858 65505 75 65483
0.652 5.09 3.4 -1.637 0.302 0.91 65505 75 65483
0.571 3.096 5.224 -1.529 0.136 0.769 65507 71 65485
1.419 4.487 4.167 -1.561 0.104 0.721 65507 71 65485
-4.726 5.099 3.543 -1.609 0.236 0.839 65507 71 65485
-2.786 8.511 4.6 -1.823 0.027 0.857 65507 71 65485
0.132 11.589 7.156 -2.269 0.162 0.83 65507 71 65485
1.31 5.566 3.485 -2.628 0.094 0.72 65488 42 65516
1.282 6.294 6.574 -2.437 0.126 0.559 65488 42 65516
4.036 4.168 8.34 -2.37 0.125 0.214 65488 42 65516
2.638 6.756 8.157 -2.15 0.556 0.056 65488 42 65516
1.831 3.481 10.43 -1.707 0.642 0.119 65488 42 65516
1.29 1.449 10.864 -1.229 0.493 0.132 65496 32 65516
0.652 2.579 11.645 0.859 0.36 0.119 65496 32 65516
2.416 4.416 11.818 0.662 0.206 0.2 65496 32 65516
2.694 1.319 11.512 0.719 0.344 0.247 65496 32 65516
5.063 1.817 9.818 0.602 0.62 0.295 65496 32 65516
2.545 3.9 10.114 0.495 1.191 0.393 14 60 65522
-1.789 4.05 9.728 0.708 1.443 0.594 14 60 65522
0.894 3.608 7.375 0.914 1.296 0.724 14 60 65522
0.772 1.27 5.784 0.927 1.111 0.895 14 60 65522
0.798 2.414 4.976 0.796 0.876 0.926 14 60 65522
-1.856 6.788 8.871 0.78 0.667 0.947 65483 49 65535
-2.731 4.339 8.256 -1.26 0.258 1.071 65483 49 65535
-1.161 3.781 7.827 -1.302 0.123 1.138 65483 49 65535
1.838 5.103 10.493 -1.324 0.356 1.157 65483 49 65535
0.899 0.623 9.02 -1.318 0.44 1.034 65483 49 65535
0.047 3.447 8.283 -1.227 0.56 0.84 15 55 65521
2.221 1.752 10.596 -1.17 0.342 0.627 15 55 65521
4.899 1.351 12.071 -1.324 0.1 0.476 15 55 65521
4.588 2.161 13.26 -1.371 0.495 0.362 15 55 65521
2.71 3.464 10.88 -1.458 0.886 0.154 15 55 65521
0.216 -3.203 10.224 -1.092 1.015 0.067 20 64 0
-1.806 1.274 11.432 0.458 0.593 0.186 20 64 0
-1.971 0.721 8.893 0.227 0.063 0.237 20 64 0
0.299 0.466 9.576 0.061 0.431 0.272 20 64 0
1.292 2.234 10.679 0.259 0.409 0.3 20 64 0
2.097 3.614 11.156 0.236 0.133 0.357 11 53 25
0.158 1.254 9.158 0.234 0.134 0.352 11 53 25
0.074 5.955 11.249 0.225 0.228 0.33 11 53 25
-2.309 0.356 8.135 0.391 0.046 0.164 11 53 25
0.502 2.533 8.364 0.554 0.211 0.065 11 53 25
0.896 1.951 8.519 0.734 0.12 0.02 17 57 17
0.174 1.776 8.595 0.843 0.023 0.017 17 57 17
0.863 1.535 9.185 -1.028 0.056 0.019 17 57 17
0.678 0.906 8.717 -1.14 0.063 0.058 17 57 17
0.295 0.374 9.421 -1.146 0.099 0.045 17 57 17
1.551 3.282 13.774 0.514 0.146 0.021 10 52 20
0.156 0.629 12.164 0.384 0.091 0.057 10 52 20
1.3 0.403 12.254 0.036 0.18 0.084 10 52 20
1.252 0.495 10.01 0.203 0.05 0.055 10 52 20
0.992 0.466 9.621 0.213 0.134 0.033 10 52 20
1.75 0.554 9.919 0.205 0.18 0.011 18 48 24
0.272 1.343 9.015 0.196 0.242 0.029 18 48 24
0.792 0.866 8.878 0.059 0.193 0.045 18 48 24
0.718 0.949 8.847 0.002 0.203 0.059 18 48 24
0.311 0.873 9.409 0.064 0.236 0.04 18 48 24
0.106 0.823 9.889 0.061 0.188 0.026 8 46 24
0.037 0.474 9.822 0.012 0.085 0.02 8 46 24
0.173 0.46 9.898 0 0.017 0.003 8 46 24
0.112 0.198 9.874 0.03 0.012 0 8 46 24
0.349 0.483 9.656 0.019 0.019 0.001 8 46 24
0.705 0.43 9.489 0.013 0.036 0.008 9 43 29
0.621 0.418 9.38 0.007 0.011 0.007 9 43 29
0.517 0.585 9.375 0.031 0.007 0 9 43 29
0.598 0.724 9.679 0.044 0.015 0.012 9 43 29
0.486 0.38 9.694 0.036 0.026 0.016 9 43 29
0.387 0.335 9.702 0.025 0.019 0.009 7 43 37
0.331 0.231 9.793 0.034 0.011 0.014 7 43 37
0.435 0.408 9.502 0.018 0.002 0.02 7 43 37
0.588 0.512 9.609 0.02 0.002 0.016 7 43 37
0.436 0.526 9.612 0.03 0.013 0.008 7 43 37
0.404 0.447 9.656 0.037 0.009 0.001 12 38 44
0.436 0.509 9.634 0.024 0.003 0.005 12 38 44
0.43 0.415 9.57 0.023 0.005 0.007 12 38 44
0.453 0.464 9.65 0.029 0.004 0.009 12 38 44
0.432 0.464 9.583 0.03 0.002 0.012 12 38 44
0.5 0.517 9.613 0.031 0.005 0.013 8 40 48
0.439 0.363 9.618 0.031 0.013 0.009 8 40 48
0.456 0.65 9.755 0.031 0.006 0.008 8 40 48
0.414 0.573 9.737 0.029 0.004 0.006 8 40 48
0.569 0.492 9.743 0.027 0.012 0.009 8 40 48
0.55 0.579 9.677 0.024 0.013 0.01 13 41 51
0.446 0.447 9.636 0.026 0.016 0.006 13 41 51
0.567 0.447 9.661 0.028 0.015 0.005 13 41 51
0.506 0.499 9.68 0.028 0.009 0.003 13 41 51
0.472 0.374 9.587 0.023 0.014 0 13 41 51
0.573 0.344 9.58 0.019 0.017 0.001 14 34 62
0.543 0.64 9.603 0.013 0.01 0 14 34 62
0.362 0.543 9.797 0.005 0.006 0.003 14 34 62
0.729 0.426 9.597 0.011 0.025 0.003 14 34 62
0.515 0.61 9.706 0.001 0.007 0.003 14 34 62
0.574 0.43 9.734 0.002 0.012 0.002 17 39 61
0.676 0.331 9.743 0.001 0.015 0.003 17 39 61
0.462 0.426 9.685 0.011 0.007 0 17 39 61
0.533 0.335 9.749 0.017 0.021 0.002 17 39 61
0.316 0.393 9.914 0.026 0.021 0.001 17 39 61
0.457 0.269 9.959 0.049 0.043 0.005 21 37 65
0.646 0.197 9.861 0.082 0.059 0.009 21 37 65
0.545 0.294 9.853 0.117 0.05 0.013 21 37 65
0.629 0.418 9.871 0.138 0.052 0.02 21 37 65
0.793 0.335 9.847 0.162 0.051 0.024 21 37 65
0.543 0.403 9.758 0.188 0.043 0.029 21 35 69
0.587 0.544 9.965 0.211 0.048 0.04 21 35 69
0.542 0.555 9.943 0.238 0.07 0.041 21 35 69
0.618 0.594 9.89 0.283 0.097 0.054 21 35 69
0.599 0.571 9.806 0.312 0.117 0.077 21 35 69
0.646 0.482 9.648 0.333 0.16 0.102 26 42 70
1.323 0.615 9.382 0.349 0.21 0.136 26 42 70
1.221 0.353 9.317 0.349 0.182 0.177 26 42 70
0.82 1.029 9.226 0.322 0.159 0.217 26 42 70
1.013 1.292 9.127 0.272 0.206 0.238 26 42 70
0.963 1.92 9.516 0.23 0.26 0.248 28 42 62
1.151 1.854 9.919 0.171 0.368 0.257 28 42 62
1 1.815 9.996 0.132 0.455 0.298 28 42 62
0.551 1.566 10.213 0.148 0.455 0.323 28 42 62
0.256 1.531 10.426 0.189 0.482 0.285 28 42 62
0.417 1.132 10.8 0.279 0.563 0.244 30 42 64
1.419 0.797 11.101 0.406 0.632 0.213 30 42 64
1.859 0.6 11.127 0.578 0.565 0.183 30 42 64
1.778 0.199 10.565 0.779 0.451 0.154 30 42 64
1.747 1.197 11.486 1.011 0.425 0.148 30 42 64
1.327 0.72 11.17 1.101 0.386 0.168 31 43 55
1.143 1.677 11.692 1.208 0.317 0.196 31 43 55
1.625 1.927 11.973 1.317 0.446 0.157 31 43 55
2.134 2.472 11.336 1.357 0.584 0.177 31 43 55
3.125 2.747 11.153 1.379 0.624 0.248 31 43 55
3.396 1.893 10.425 1.323 0.468 0.316 24 40 52
3.676 0.612 9.757 1.291 0.221 0.368 24 40 52
1.629 2.268 9.281 1.358 0.075 0.345 24 40 52
2.889 2.337 8.876 1.475 0.102 0.304 24 40 52
2.5 3.298 8.658 1.663 0.089 0.267 24 40 52
1.968 4.076 8.372 1.808 0.139 0.268 16 34 40
1.535 3.011 7.099 1.842 0.181 0.288 16 34 40
1.747 3.646 7.196 1.977 0.241 0.324 16 34 40
1.735 4.868 6.522 2.053 0.288 0.39 16 34 40
1.132 5.148 5.831 2.059 0.348 0.452 16 34 40
1.183 5.566 5.626 2.09 0.529 0.503 10 36 30
1.436 5.54 4.978 2.058 0.681 0.54 10 36 30
2.008 6.663 4.63 2.039 0.762 0.595 10 36 30
2.324 7.018 4.236 1.971 0.8 0.638 10 36 30
2.07 7.214 4.21 1.848 0.767 0.693 10 36 30
2.272 6.669 3.409 1.711 0.731 0.727 5 43 13
2.148 7.241 3.155 1.664 0.628 0.747 5 43 13
1.763 8.076 3.289 1.616 0.485 0.742 5 43 13
1.731 7.295 3.147 1.487 0.407 0.718 5 43 13
1.651 7.303 2.553 1.406 0.299 0.646 5 43 13
1.244 8.656 2.492 1.419 0.192 0.588 1 47 65529
1.804 9.197 2.07 1.38 0.12 0.547 1 47 65529
1.511 8.822 1.929 1.317 0.001 0.527 1 47 65529
1.308 8.359 1.799 1.296 0.113 0.502 1 47 65529
1.285 8.705 1.386 1.298 0.174 0.484 1 47 65529
0.894 9.354 1.34 1.269 0.192 0.499 6 48 65512
0.761 9.434 1.145 1.218 0.154 0.495 6 48 65512
0.205 9.078 1.004 1.148 0.097 0.481 6 48 65512
0.474 9.533 0.827 1.097 0.031 0.517 6 48 65512
0.349 9.684 0.931 1.054 0.057 0.547 6 48 65512
0.058 9.53 0.332 0.963 0.135 0.552 11 63 65499
0.028 9.457 0.259 0.893 0.207 0.558 11 63 65499
0.128 9.85 0.356 0.838 0.264 0.588 11 63 65499
0.972 9.981 0.939 0.762 0.28 0.592 11 63 65499
0.505 9.861 0.193 0.719 0.303 0.55 11 63 65499
0.049 10.17 0.135 0.73 0.376 0.528 24 62 65486
0.041 9.871 0.234 0.726 0.365 0.553 24 62 65486
0.049 9.915 0.092 0.749 0.272 0.555 24 62 65486
0.223 11.002 0.275 0.752 0.148 0.522 24 62 65486
0.634 10.359 0.634 0.719 0.044 0.456 24 62 65486
0.871 10.588 0.912 0.654 0.061 0.424 23 77 65477
-1.921 10.079 -1.291 0.596 0.097 0.412 23 77 65477
-1.867 10.116 -1.662 0.608 0.061 0.362 23 77 65477
-1.399 10.674 -1.413 0.543 0.141 0.307 23 77 65477
-2.135 10.321 0.614 0.398 0.395 0.237 23 77 65477
-3.072 9.384 -2.261 0.425 0.36 0.113 36 80 65468
-3.112 9.758 -2.164 0.499 0.167 0.006 36 80 65468
-2.224 9.574 -2.093 0.475 0.012 0.044 36 80 65468
-1.192 10.753 -2.358 0.386 0.13 0.068 36 80 65468
0.593 10.303 -2.366 0.165 0.104 0.104 36 80 65468
-1.006 9.536 -1.533 0.019 0.002 0.157 35 89 65465
0.766 9.481 -1.862 0.029 0.055 0.196 35 89 65465
0.811 9.509 -1.707 0.111 0.024 0.224 35 89 65465
0.263 10.054 -1.453 0.136 0.066 0.215 35 89 65465
0.244 9.91 -1.042 0.141 0.13 0.183 35 89 65465
0.314 9.354 0.932 0.168 0.136 0.137 46 88 65464
0.871 9.774 0.654 0.149 0.124 0.087 46 88 65464
1.072 9.768 0.452 0.144 0.008 0.028 46 88 65464
0.068 9.208 0.584 0.106 0.037 0.006 46 88 65464
0.164 9.921 0.106 0.037 0.043 0.038 46 88 65464
-1.085 9.381 0.781 0.054 0.038 0.051 46 84 65464
0.882 9.819 0.661 0.001 0.009 0.047 46 84 65464
0.834 9.848 0.621 0.051 0.044 0.039 46 84 65464
0.471 9.775 0.731 0.045 0.029 0.007 46 84 65464
0.782 9.592 -1.12 0.048 0.038 0.004 46 84 65464
0.858 9.853 -1.165 0.074 0.036 0.023 41 85 65461
0.588 9.775 -1.097 0.058 0.017 0.032 41 85 65461
0.345 9.647 -1.199 0.023 0.02 0.037 41 85 65461
0.645 9.22 -1.345 0.014 0.02 0.043 41 85 65461
0.33 9.994 -1.235 0.013 0.011 0.053 41 85 65461
0.148 9.813 -1.295 0.001 0.026 0.037 42 80 65458
0.47 9.605 -1.173 0.029 0.053 0.021 42 80 65458
0.323 9.868 0.949 0.055 0.008 0.012 42 80 65458
0.548 9.737 -1.14 0.047 0.057 0.004 42 80 65458
1.108 9.955 -1.265 0.039 0.038 0.008 42 80 65458
0.084 10.125 0.755 0.058 0.008 0.015 43 89 65459
0.146 9.613 -1.503 0.033 0.05 0 43 89 65459
0.356 10.09 0.806 0.059 0.04 0.001 43 89 65459
0.967 9.874 -1.198 0.009 0.073 0.005 43 89 65459
0.871 9.319 -1.26 0.057 0.024 0.001 43 89 65459
0.635 9.77 0.86 0.021 0.027 0.017 46 88 65458
0.223 9.768 0.978 0.026 0.045 0.034 46 88 65458