-3.137 9.015 0.926 0.174 0.253 0.104 14 26 65462
-3.257 7.896 -1.221 0.31 0.303 0.061 14 26 65462
-5.02 5.445 -1.714 0.451 0.044 0.165 14 26 65462
-1.006 7.825 -1.222 0.588 0.189 0.196 14 26 65462
0.656 7.897 0.008 0.844 0.278 0.125 14 26 65462
-2.282 11.014 -4.109 0.927 0.547 0.137 65523 17 65461
0.306 11.431 -1.095 0.206 0.244 0.308 65523 17 65461
0.478 11.146 1.277 0.046 0.114 0.455 65523 17 65461
2.738 10.427 0.475 0.129 0 0.351 65523 17 65461
0.102 12.515 0.25 0.343 0.381 0.342 65523 17 65461
0.744 9.939 0.62 0.451 0.38 0.335 65531 19 65475
0.561 11.407 1.422 0.272 0.109 0.123 65531 19 65475
1.719 9.087 0.889 0.027 0.312 0.031 65531 19 65475
0.999 9.894 0.286 0.08 0.508 0.12 65531 19 65475
5.501 7.879 -2.659 0.29 0.487 0.318 65531 19 65475
0.462 4.875 0.345 0.316 0.192 0.447 65523 39 65473
2.444 6.882 0.367 0.281 0.473 0.347 65523 39 65473
-1.635 14.241 -4.531 0.169 0.224 0.052 65523 39 65473
-4.739 10.799 1.838 0.274 0.041 0.07 65523 39 65473
-3.348 8.917 -1.586 0.169 0.114 0.08 65523 39 65473
-4.118 8.204 -2.25 0.292 0.421 0.158 16 10 65454
-2.481 13.573 -1.561 0.659 0.435 0.184 16 10 65454
-1.374 10.298 0.301 0.596 0.349 0.274 16 10 65454
0.262 10.724 1.116 0.347 0.147 0.202 16 10 65454
-2.152 9.004 -1.759 0.025 0.233 0.056 16 10 65454
-4.462 9.36 0.041 0.17 0.223 0.108 65527 17 65469
-2.082 4.96 -1.638 0.31 0.118 0.168 65527 17 65469
4.802 11.542 1.708 0.449 0.161 0.259 65527 17 65469
0.97 11.626 -1.236 0.692 0.432 0.212 65527 17 65469
1.15 12.411 -2.996 0.751 0.433 0.169 65527 17 65469
0.233 4.984 0.729 0.239 0.241 0.292 6 36 65452
3.871 9.747 0.397 0.199 0.114 0.403 6 36 65452
4.204 7.278 0.828 0.263 0.113 0.26 6 36 65452
0.804 9.404 0.687 0.362 0.423 0.302 6 36 65452
3.05 10.111 -4.55 0.417 0.351 0.253 6 36 65452
0.015 7.447 0.737 0.137 0.17 0.08 65530 2 65462
1.502 11.04 0.909 0.104 0.227 0.252 65530 2 65462
0.782 9.046 0.104 0.186 0.266 0.396 65530 2 65462
0.025 4.091 0.238 0.369 0.496 0.399 65530 2 65462
5.829 7.735 -3.068 0.236 0.478 0.265 65500 18 65480
-7.352 16.632 -4.76 0.648 0.104 0.149 65500 18 65480
0.927 13.468 0.786 0.034 0.152 0.017 65500 18 65480
0.189 6.879 0.59 0.289 0.338 0.259 65500 18 65480
-4.835 8.216 -2.873 0.521 0.244 0.036 65500 18 65480
-1.883 10.086 -2.535 0.683 0.504 0.312 2 32 65460
-2.473 12.047 0.469 0.629 0.475 0.331 2 32 65460
0.803 7.333 0.186 0.185 0.229 0.131 2 32 65460
-6.811 6.129 -3.573 0.201 0.215 0.025 2 32 65460
-6.461 8.841 0.982 0.219 0.232 0.071 2 32 65460
-1.88 5.708 0.715 0.27 0.087 0.109 30 30 65450
0.754 9.233 0.831 0.49 0.155 0.258 30 30 65450
0.318 8.558 -1.13 0.788 0.28 0.238 30 30 65450
0.392 14.535 -3.981 0.711 0.476 0.181 30 30 65450
3.29 6.032 -1.966 0.077 0.039 0.395 30 30 65450
4.155 6.822 -2.365 0.019 0.163 0.436 65508 30 65464
3.974 6.738 -1.91 0.433 0.161 0.379 65508 30 65464
0.186 11.49 -1.677 0.57 0.578 0.332 65508 30 65464
0.254 10.176 0.469 0.486 0.477 0.286 65508 30 65464
-1.49 10.152 0.538 0.305 0.009 0.071 65508 30 65464
2.214 10.668 0.918 0.086 0.618 0.014 65511 21 65481
0.458 12.84 1.705 0.133 0.713 0.063 65511 21 65481
1.911 9.576 0.213 0.404 0.555 0.293 65511 21 65481
-2.088 4.73 0.591 0.4 0.337 0.432 65511 21 65481
2.935 13.466 -5.067 0.247 0.52 0.22 65511 21 65481
-5.41 16.554 0.379 0.459 0.159 0.039 5 5 65453
-4.715 10.119 1.719 0.146 0.039 0.199 5 5 65453
-2.509 7.128 -1.814 0.21 0.536 0.187 5 5 65453
-4.23 5.953 -3.456 0.733 0.581 0.135 5 5 65453
-1.434 12.188 -1.576 0.783 0.622 0.25 5 5 65453
-1.149 11.58 0.293 0.358 0.412 0.256 65535 19 65469
0.97 7.84 0.428 0.058 0.02 0.121 65535 19 65469
1.083 6.557 -1.042 0.539 0.19 0.192 65535 19 65469
0.319 8.388 0.958 0.762 0.147 0.281 65527 19 65447
0.962 14.815 -2.104 0.994 0.231 0.271 65527 19 65447
3.529 9.891 -5.288 0.427 0.301 0.241 65527 19 65447
0.95 3.708 -1.594 0.04 0.1 0.46 65527 19 65447
3.337 10.794 0.879 0.301 0.063 0.406 65527 19 65447
4.277 7.103 -1.558 0.554 0.452 0.314 65511 31 65473
0.153 12.806 0.075 0.607 0.687 0.343 65511 31 65473
0.01 9.697 -1.213 0.373 0.455 0.198 65511 31 65473
0.796 9.449 0.738 0.224 0.075 0.032 65511 31 65473
1.909 11.347 0.875 0.193 0.537 0.021 65511 31 65473
0.296 10.704 0.645 0.118 0.488 0.128 4 26 65450
1.235 8.191 -1.619 0.336 0.278 0.291 4 26 65450
-3.981 5.875 0.488 0.409 0.032 0.378 4 26 65450
1.072 16.048 -6.952 0.154 0.25 0.266 4 26 65450
-9.252 12.764 -2.132 0.415 0.405 0.021 4 26 65450
-7.927 9.148 1.124 0.165 0.158 0.161 65532 30 65464
-3.245 5.991 -3.292 0.223 0.396 0.215 65532 30 65464
-3.435 9.291 -3.9 0.679 0.569 0.142 65532 30 65464
-3.436 13.128 0.308 0.751 0.653 0.239 65532 30 65464
0.65 8.793 -3.186 0.217 0.615 0.23 65532 30 65464
1.045 9.077 -1.479 0.187 0.112 0.044 4 26 65462
-5.066 13.302 0.123 0.291 0.437 0.136 4 26 65462
-3.294 10.51 -1.288 0.487 0.174 0.161 4 26 65462
-3.38 8.409 3.033 0.662 0.076 0.254 4 26 65462
1.21 10.52 0.263 0.614 0.019 0.295 4 26 65462
-4.897 13.273 -4.975 0.597 0.307 0.302 1 13 65449
3.633 11.134 -4.783 0.144 0.077 0.387 1 13 65449
1.732 0.259 -4.582 0.613 0.006 0.363 1 13 65449
3.113 9.051 -2.495 0.132 0.092 0.427 1 13 65449
1.744 12.484 0.017 0.772 0.44 0.394 1 13 65449
0.244 8.324 0.541 0.528 0.528 0.343 65523 21 65469
-1.831 8.74 -1.033 0.163 0.215 0.196 65523 21 65469
1.577 9.908 -1.638 0.081 0.325 0.018 65523 21 65469
2.27 10.031 0.867 0.314 0.46 0.12 65523 21 65469
3.659 9.982 -2.049 0.435 0.389 0.196 65523 21 65469
0.963 5.51 -2.061 0.454 0.069 0.372 18 16 65454
-2.431 9.627 0.527 0.298 0.068 0.468 18 16 65454
3.325 12.283 -5.385 0.216 0.195 0.31 18 16 65454
-3.112 12.773 -1.746 0.506 0.38 0.015 18 16 65454
-3.702 2.474 -2.122 0.323 0.258 0.487 18 16 65454
-5.388 8.207 0.913 0.395 0.371 0.18 65531 21 65463
1.784 13.826 1.416 0.129 0.591 0.149 65531 21 65463
-1.346 5.578 -3.42 0.421 0.057 0.047 65531 21 65463
-3.875 6.186 -1.634 0.505 0.308 0.133 11 37 65465
-3.922 8.378 0.955 0.483 0.093 0.123 11 37 65465
0.579 5.44 0.475 0.724 0.173 0.258 11 37 65465
0.227 7.764 0.288 0.968 0.082 0.301 11 37 65465
0.375 15.654 -2.456 0.932 0.366 0.281 11 37 65465
2.221 10.994 -3.204 0.416 0.384 0.317 19 27 65467
0.439 10.558 0.295 0.022 0.099 0.422 19 27 65467
4.732 8.832 0.337 0.267 0.062 0.37 19 27 65467
2.942 11.146 0.155 0.378 0.506 0.323 19 27 65467
0.433 10.201 0.621 0.375 0.717 0.348 19 27 65467
-2.328 12.455 0.239 0.156 0.395 0.229 65517 47 65489
1.021 7.623 -1.647 0.05 0.335 0.009 65517 47 65489
0.254 9.746 0.456 0.09 0.719 0.036 65517 47 65489
2.084 10.084 0.148 0.316 0.598 0.122 65517 47 65489
0.831 5.562 0.852 0.366 0.264 0.347 65517 47 65489
-1.259 6.253 0.391 0.13 0.458 0.351 17 33 65467
6.488 11.341 -6.071 0.003 0.625 0.244 17 33 65467
-5.753 11.884 1.807 0.56 0.081 0.028 17 33 65467
-4.845 5.87 0.725 0.147 0.221 0.233 17 33 65467
-4.685 6.277 -1.401 0.395 0.529 0.13 17 33 65467
-3.951 10.939 -2.622 0.698 0.651 0.109 13 17 65467
0.088 10.99 -1.483 0.767 0.551 0.272 13 17 65467
0.496 10.797 0.669 0.509 0.283 0.204 13 17 65467
0.191 10.682 0.736 0.081 0 0.034 13 17 65467
-4.199 9.355 -2.949 0.163 0.289 0.091 13 17 65467
-6.732 6.135 -3.772 0.282 0.188 0.166 7 37 65465
0.237 5.543 -1.156 0.243 0.136 0.284 7 37 65465
1.489 9.457 1.57 0.691 0.032 0.31 7 37 65465
-3.835 10.321 -8.999 0.74 0.242 0.187 7 37 65465
2.78 5.963 -2.51 0.193 0.078 0.307 7 37 65465
0.545 8.415 0.086 0.113 0.189 0.48 7 11 65461
4.838 7.854 -1.57 0.233 0.092 0.378 7 11 65461
2.367 8.948 -1.529 0.389 0.39 0.302 7 11 65461
1.021 12.782 0.094 0.513 0.499 0.318 7 11 65461
0.058 11.453 0.039 0.222 0.252 0.081 7 11 65461
1.03 9.355 0.134 0.019 0.211 0.082 65502 22 65492
2.985 10.806 0.685 0.129 0.46 0.114 65502 22 65492
1.636 8.626 0.112 0.431 0.333 0.249 65502 22 65492
2.246 1.58 -2.372 0.397 0.129 0.443 65502 22 65492
-2.403 10.072 1.411 0.218 0.151 0.495 65502 22 65492
-1.994 18.386 -4.035 0.143 0.046 0.198 65523 19 65459
-4.813 9.242 2.098 0.48 0.353 0.085 65523 19 65459
-2.385 6.779 -1.711 0.086 0.191 0.165 65523 19 65459
0.745 12.246 0.233 0.361 0.558 0.189 65523 19 65459
-1.059 12.941 -2.155 0.711 0.627 0.16 65523 19 65459
-1.641 14.283 0.802 0.665 0.564 0.232 65531 31 65467
1.167 9.141 0.875 0.092 0.424 0.154 65531 31 65467
-3.294 9.789 -1.379 0.202 0.191 0.033 65531 31 65467
-4.578 9.317 -1.365 0.26 0.332 0.124 65531 31 65467
-2.543 7.047 -1.681 0.461 0.017 0.201 65531 31 65467
0.723 4.782 0.231 0.636 0.173 0.331 19 5 65439
0.42 8.797 0.123 0.86 0.022 0.351 19 5 65439
-4.868 5.218 -8.813 0.832 0.374 0.298 19 5 65439
1.539 13.595 -1.142 0.129 0.11 0.435 19 5 65439
0.842 8.192 0.958 0.023 0.038 0.468 19 5 65439
4.146 8.975 -1.076 0.403 0.005 0.386 65510 34 65470
1.77 9.752 0.884 0.649 0.421 0.358 65510 34 65470
-2.031 13.539 1.188 0.7 0.474 0.348 65510 34 65470
-2.139 9.169 -1.124 0.381 0.2 0.167 65510 34 65470
2.025 9.659 0.998 0.142 0.335 0.017 65510 34 65470
4.012 10.32 -1.162 0.084 0.581 0.013 65493 31 65487
4.516 7.916 -2.106 0.334 0.403 0.11 65493 31 65487
0.112 1.735 -1.725 0.454 0.046 0.347 65493 31 65487
-2.804 9.033 0.539 0.249 0.002 0.459 65493 31 65487
3.16 17.49 -6.312 0.023 0.193 0.325 65493 31 65487
-6.502 10.719 0.932 0.455 0.334 0.144 65527 23 65461
-2.896 9.026 -1.198 0.035 0.163 0.299 65527 23 65461
0.919 8.437 0.708 0.294 0.484 0.276 65527 23 65461
-1.921 10.445 -1.215 0.575 0.616 0.13 65527 23 65461
0.542 11.386 0.337 0.534 0.666 0.226 65527 23 65461
0.172 11.107 0.919 0.15 0.47 0.182 11 27 65459
-1.74 10.572 -1.926 0.308 0.089 0.002 11 27 65459
-6.412 8.072 -2.59 0.419 0.396 0.094 11 27 65459
-3.284 5.541 -1.631 0.471 0.101 0.173 11 27 65459
-2.171 4.542 0.672 0.622 0.12 0.315 11 27 65459
0.319 10.734 1.125 0.895 0.074 0.32 65530 40 65450
-2.232 7.83 -10.384 -1.018 0.302 0.184 65530 40 65450
1.86 10.697 -1.07 0.002 0 0.343 65530 40 65450
0.882 4.388 -1.308 0.189 0.112 0.46 65530 40 65450
5.748 7.139 -2.293 0.296 0 0.38 65530 40 65450
1.471 9.715 0.739 0.56 0.392 0.348 3 31 65459
0.311 11.018 0.183 0.541 0.462 0.326 3 31 65459
0.867 9.981 0.196 0.192 0.256 0.111 3 31 65459
1.265 9.253 0.349 0.015 0.236 0.026 3 31 65459
3.246 10.262 0.299 0.269 0.518 0.071 3 31 65459
5.817 10.955 -1.578 0.501 0.419 0.121 65499 37 65477
0.296 1.249 -1.899 0.524 0.026 0.375 65499 37 65477
-2.401 11.754 3.098 0.251 0.005 0.427 65499 37 65477
2.171 17.855 -5.319 0.164 0.332 0.359 65499 37 65477
0.78 11.866 1.27 0.505 0.607 0.215 5 31 65473
-1.954 8.171 0.336 0.236 0.344 0.154 5 31 65473
0.063 10.466 -1.532 0.011 0.215 0.041 5 31 65473
2.975 11.006 0.233 0.09 0.581 0.075 5 31 65473
6.615 9.593 -1.699 0.29 0.53 0.114 5 31 65473
0.028 3.417 0.391 0.341 0.073 0.393 65509 49 65491
-1.939 9.548 0.416 0.264 0.309 0.421 65509 49 65491
3.833 16.6 -3.436 0.148 0.701 0.295 65509 49 65491
-5.451 12.045 0.472 0.322 0.184 0.076 65509 49 65491
-1.482 5.339 -2.274 0.01 0.401 0.3 65509 49 65491
-5.018 4.971 -2.929 0.374 0.485 0.135 65528 26 65486
-3.197 10.069 -2.646 0.663 0.622 0.19 65528 26 65486
-2.098 10.589 0.463 0.728 0.539 0.242 65528 26 65486
0.181 10.369 0.339 0.366 0.339 0.164 65528 26 65486
-2.169 9.592 -1.784 0.041 0.177 0.083 65528 26 65486
-1.614 10.635 0.924 0.12 0.35 0.015 65529 29 65485
-3.5 9.97 -1.465 0.231 0.179 0.119 65529 29 65485
0.408 8.19 0.262 0.598 0.183 0.296 65529 29 65485
0.505 14.319 -5.621 0.736 0.49 0.112 65529 29 65485
3.579 8.876 -2.954 0.27 0.062 0.142 65525 33 65479
2.893 7.158 0.101 0.153 0.243 0.442 65525 33 65479
2.121 10.954 0.517 0.008 0.177 0.352 65525 33 65479
2.359 9.465 -1.786 0.132 0.174 0.259 65525 33 65479
1.437 9.955 0.272 0.416 0.304 0.352 65525 33 65479
-1.006 11.101 0.259 0.311 0.312 0.136 11 39 65473
2.196 9.686 0.43 0.059 0.036 0.019 11 39 65473
1.362 12.261 0.853 0.138 0.344 0.063 11 39 65473
2.069 8.593 0.605 0.348 0.382 0.175 11 39 65473
0.081 5.627 0.234 0.359 0.262 0.371 11 39 65473
-3.673 11.434 1.41 0.263 0.18 0.383 65535 25 65477
0.013 19.612 0.928 0.04 0.37 0.159 65535 25 65477
-4.4 7.647 1.952 0.306 0.015 0.047 65535 25 65477
-4.468 5.979 -1.814 0.106 0.331 0.302 65535 25 65477
-3.845 7.473 -1.252 0.389 0.473 0.13 65535 25 65477
-1.786 10.2 -3.612 0.633 0.617 0.196 65524 28 65482
-3.71 10.838 0.468 0.733 0.431 0.28 65524 28 65482
0.559 10.711 0.021 0.372 0.328 0.167 65524 28 65482
-2.488 10.248 -1.746 0.022 0.194 0.056 65524 28 65482
-5.659 8.34 -2.261 0.123 0.321 0.083 65524 28 65482
-3.485 6.761 -1.987 0.259 0.098 0.19 4 22 65474
0.46 9.606 0.749 0.361 0.005 0.297 4 22 65474
-1.474 10.68 0.204 0.599 0.324 0.226 4 22 65474
-1.071 14.313 -7.586 0.6 0.466 0.048 4 22 65474
0.435 11.15 1.179 0.168 0.008 0.169 4 22 65474
2.792 6.551 0.335 0.201 0.366 0.438 65502 46 65488
4.407 9.091 0.89 0.035 0.11 0.302 65502 46 65488
1.312 10.382 -1.578 0.12 0.255 0.321 65502 46 65488
1.51 12.478 0.49 0.436 0.194 0.38 65502 46 65488
0.809 8.085 0.732 0.326 0.193 0.133 65502 46 65488
1.64 9.934 0.383 0.11 0.018 0.02 65506 56 65488
1.731 10.451 0.319 0.097 0.265 0.059 65506 56 65488
2.655 9.053 0.634 0.277 0.379 0.285 65506 56 65488
2.349 8.154 -1.076 0.343 0.385 0.504 65506 56 65488
-2.761 14.86 1.598 0.375 0.396 0.543 65506 56 65488
-6.47 18.521 -2.802 0.21 0.136 0.09 65513 37 65483
-2.543 7.599 0.744 0.143 0.013 0.058 65513 37 65483
-3.61 5.934 0.241 0.239 0.381 0.211 65513 37 65483
-3.702 7.884 -2.22 0.354 0.557 0.147 65513 37 65483
-1.911 11.658 -1.768 0.681 0.651 0.17 65513 37 65483
-1.769 10.206 -1.104 0.56 0.527 0.288 4 42 65476
0.993 10.729 1.436 0.16 0.308 0.198 4 42 65476
-2.715 8.347 0.651 0.086 0.246 0.047 4 42 65476
-1.895 8.474 0.691 0.176 0.257 0.108 4 42 65476
-2.667 9.874 0.445 0.319 0.049 0.223 4 42 65476
0.834 7.383 0.811 0.469 0.16 0.293 10 32 65468
1.016 7.108 -1.262 0.842 0.186 0.217 10 32 65468
-1.072 13.62 -5.676 0.762 0.474 0.129 10 32 65468
1.14 3.795 -1.148 0.237 0.009 0.308 10 32 65468
1.071 10.739 0.739 0.131 0.321 0.471 10 32 65468
2.607 6.399 0.068 0.028 0 0.315 65494 46 65482
0.779 9.39 -1.928 0.274 0.425 0.355 65494 46 65482
0.107 10.529 0.578 0.441 0.373 0.33 65494 46 65482
0.448 8.27 0.266 0.177 0.096 0.11 65494 46 65482
2.032 9.649 0.033 0.032 0.373 0.017 65494 46 65482
2.948 12.826 0.624 0.095 0.486 0.123 20 36 65460
5.849 6.227 -3.203 0.314 0.363 0.325 20 36 65460
0.464 2.579 0.984 0.244 0.143 0.454 20 36 65460
-1.552 9.188 0.638 0.124 0.304 0.396 20 36 65460
-3.239 18.077 -3.513 0.18 0.214 0.061 20 36 65460
-6.702 12.551 1.691 0.408 0.102 0.036 12 54 65470
-2.99 9.358 -2.138 0.454 0.585 0.158 12 54 65470
-1.987 11.004 -1.493 0.745 0.681 0.172 12 54 65470
-2.383 9.74 0.122 0.707 0.468 0.259 12 54 65470
0.488 9.497 0.147 0.241 0.198 0.191 20 44 65466
-2.22 10.229 -1.368 0.166 0.233 0.041 20 44 65466
-5.662 9.157 -2.255 0.266 0.358 0.126 20 44 65466
0.733 5.844 0.174 0.324 0.007 0.202 20 44 65466
0.919 8.945 2.281 0.515 0.088 0.271 20 44 65466
0.478 10.534 -1.742 0.853 0.291 0.229 15 39 65455
1.747 8.265 -5.878 0.677 0.235 0.241 15 39 65455
2.391 4.618 0.434 0.05 0.104 0.475 15 39 65455
2.264 11.519 1.327 0.049 0.19 0.501 15 39 65455
3.388 8.36 0.243 0.316 0.239 0.356 15 39 65455
0.641 10.117 0.958 0.539 0.587 0.358 0 52 65478
-1.691 10.721 0.043 0.586 0.475 0.275 0 52 65478
0.979 9.848 -1.137 0.321 0.076 0.065 0 52 65478
1.983 10.289 0.902 0.054 0.411 0.02 0 52 65478
3.338 9.429 0.24 0.198 0.486 0.065 0 52 65478
4.744 9.846 -2.228 0.404 0.3 0.217 20 28 65452
0.003 1.638 0.72 0.309 0.027 0.412 20 28 65452
1.892 13.389 -3.682 0.151 0.228 0.4 20 28 65452
-5.784 19.276 -3.32 0.38 0.141 0.027 20 28 65452
-6.757 7.978 0.404 0.196 0.13 0.107 20 28 65452
-1.368 10.657 0.626 0.049 0.329 0.173 13 39 65461
-3.93 11.105 -1.892 0.508 0.497 0.159 13 39 65461
-1.605 12.249 0.651 0.701 0.638 0.154 13 39 65461
0.944 11.787 0.559 0.405 0.543 0.187 13 39 65461
0.906 10.338 -1.428 0.009 0.253 0.063 13 39 65461
-4.582 7.43 -3.005 0.392 0.329 0.094 1 41 65471
-6.604 9.05 -3.141 0.404 0.332 0.168 1 41 65471
-1.954 4.352 0.228 0.565 0.071 0.31 1 41 65471
0.178 13.569 1.96 0.682 0.119 0.386 1 41 65471
0.876 19.612 0.515 0.998 0.109 0.258 1 41 65471
2.612 10.275 -1.648 0.474 0.072 0.197 65524 52 65472
0.726 9.296 1.238 0.038 0.133 0.49 65524 52 65472
1.171 9.715 -1.033 0.036 0.068 0.387 65524 52 65472
3.514 9.646 -1.387 0.323 0.264 0.294 65524 52 65472
2.402 13.992 1.144 0.585 0.553 0.356 65524 52 65472
0.062 7.387 -1.486 0.371 0.485 0.207 65514 56 65486
0.533 10.21 -1.055 0.016 0.066 0.006 65514 56 65486
2.606 9.011 -1.691 0.248 0.408 0.006 65514 56 65486
0.137 6.447 0.149 0.415 0.425 0.017 65514 56 65486
3.457 5.061 -2.406 0.392 0.361 0.226 65514 56 65486
2.742 1.532 -1.477 0.255 0.166 0.394 12 24 65460
1.62 16.663 1.862 0.219 0.387 0.378 12 24 65460
-4.69 19.612 -1.07 0.185 0.209 0.126 12 24 65460
0.414 4.866 1.459 0.204 0.151 0.219 12 24 65460
-1.203 8.125 -1.873 0.014 0.467 0.234 12 24 65460
-3.591 7.787 0.656 0.509 0.624 0.159 24 40 65458
-2.347 13.33 0.92 0.591 0.816 0.174 24 40 65458
0.251 11.64 0.38 0.382 0.663 0.196 24 40 65458
-1.374 11.251 0.316 0.087 0.253 0.101 24 40 65458
-4.121 6.834 -2.154 0.307 0.254 0.033 24 40 65458
-4.517 11.629 0.609 0.353 0.359 0.116 39 41 65461
-2.545 7.442 0.289 0.437 0.04 0.248 39 41 65461
-2.387 8.35 0.902 0.655 0.165 0.341 39 41 65461
0.046 16.433 3.292 0.987 0.177 0.157 39 41 65461
2.139 13.099 -2.987 0.56 0.149 0.168 39 41 65461
1.338 8.59 0.287 0.073 0.189 0.494 23 41 65465
0.736 10.454 1.65 0.026 0.205 0.412 23 41 65465
3.768 9.981 -1.301 0.387 0.227 0.331 23 41 65465
0.397 12.744 0.488 0.573 0.56 0.382 23 41 65465
0.444 10.102 0.375 0.603 0.39 0.245 23 41 65465
0.943 11.875 0.41 0.401 0.094 0.052 13 57 65483
2.493 10.466 0.426 0.179 0.229 0.056 13 57 65483
0.606 9.877 0.159 0.082 0.372 0.016 13 57 65483
3.026 6.833 0.741 0.234 0.375 0.217 13 57 65483
0.391 6.556 0.67 0.183 0.109 0.374 13 57 65483
0.547 12.969 0.348 0.14 0.481 0.381 23 57 65461
-2.918 19.612 -2.311 0.09 0.417 0.09 23 57 65461
-2.773 4.238 1.821 0.215 0.084 0.099 23 57 65461
0.739 8.9 -1.543 0.116 0.34 0.252 23 57 65461
-2.71 7.012 -3.373 0.296 0.42 0.151 23 57 65461
-3.325 9.239 -1.988 0.677 0.452 0.133 27 33 65471
-1.78 10.459 0.676 0.549 0.437 0.229 27 33 65471
0.393 10.627 0.543 0.259 0.19 0.161 27 33 65471
-2.794 8.133 -1.218 0.203 0.268 0.009 27 33 65471
-3.059 9.006 -1.636 0.278 0.387 0.117 27 33 65471
-3.265 6.624 0.45 0.331 0.067 0.254 65523 35 65473
1.266 12.635 2.759 0.494 0.086 0.353 65523 35 65473
0.215 17.714 -2.551 0.832 0.3 0.141 65523 35 65473
2.774 11.094 -3.608 0.543 0.086 0.07 65523 35 65473
2.331 5.197 -1.979 0.198 0.251 0.405 65523 35 65473
3.574 9.413 -1.131 0.029 0.246 0.43 65527 53 65481
0.812 9.457 -1.555 0.315 0.148 0.444 65527 53 65481
0.782 11.365 1.23 0.409 0.082 0.334 65527 53 65481
1.529 10.393 0.415 0.204 0.079 0.189 65527 53 65481
1.219 12.057 0.41 0.018 0.181 0.192 26 46 65464
2.668 10.8 0.069 0.14 0.39 0.081 26 46 65464
3.295 4.577 -1.07 0.283 0.203 0.181 26 46 65464
-3.664 2.776 -2.159 0.247 0.014 0.293 26 46 65464
0.75 16.006 1.965 0.05 0.407 0.372 26 46 65464
-2.461 19.612 -2.223 0.194 0.471 0.067 31 49 65457
-3.043 5.948 1.386 0.087 0.183 0.107 31 49 65457
-1.685 7.925 -3.544 0.055 0.368 0.265 31 49 65457
-5.297 6.935 -3.19 0.366 0.464 0.148 31 49 65457
-2.132 11.331 -1.375 0.584 0.726 0.077 31 49 65457
0.099 12.68 0.677 0.544 0.688 0.15 21 21 65471
0.61 7.766 0.751 0.054 0.348 0.107 21 21 65471
-4.021 8.69 -2.71 0.126 0.235 0.049 21 21 65471
-4.38 8.491 -2.188 0.205 0.306 0.116 21 21 65471
-1.823 10.958 0.991 0.265 0.07 0.265 21 21 65471
0.776 6.799 0.131 0.487 0.204 0.246 39 55 65459
2.851 18.253 -1.984 0.629 0.3 0.089 39 55 65459
2.692 8.851 -1.507 0.044 0.084 0.115 39 55 65459
3.004 4.738 0.131 0.274 0.406 0.352 39 55 65459
5.923 4.046 -2.081 0.046 0.202 0.278 39 55 65459
2.157 12.685 0.725 0.147 0.149 0.282 8 66 65460
1.872 8.968 0.178 0.436 0.139 0.361 8 66 65460
1.407 9.919 0.547 0.471 0.187 0.187 8 66 65460
2.057 10.825 0.69 0.36 0.032 0.129 8 66 65460
1.646 11.644 0.301 0.047 0.115 0.166 8 66 65460
2.61 8.432 0.221 0.326 0.075 0.088 30 56 65458
3.467 3.762 -3.08 0.44 0.049 0.329 30 56 65458
-3.013 7.556 1.418 0.148 0.081 0.355 30 56 65458
9.569 4.712 -13.571 0.126 0.27 0.453 30 56 65458
-4.436 15.488 -1.587 0.551 0.084 0.077 30 56 65458
-6.617 8.338 0.903 0.191 0.205 0.253 65535 61 65477
-2.823 4.824 -5.997 0.116 0.397 0.28 65535 61 65477
-4.855 6.095 -3.569 0.642 0.591 0.107 65535 61 65477
-1.44 9.406 -1.083 0.644 0.831 0.084 65535 61 65477
0.955 12.334 0.186 0.452 0.629 0.062 65535 61 65477
0.118 8.744 -2.158 0.016 0.098 0.072 14 30 65462
-4.22 10.901 -2.044 0.17 0.397 0.111 14 30 65462
-3.509 8.352 -1.379 0.245 0.259 0.206 14 30 65462
0.393 10.699 0.994 0.232 0.008 0.413 14 30 65462
0.653 12.077 -6.021 0.424 0.019 0.125 14 46 65466
3.026 8.485 0.515 0.133 0.316 0.17 14 46 65466
2.764 8.564 0.158 0.463 0.449 0.403 14 46 65466
4.471 7.018 -2.193 0.19 0.106 0.318 14 46 65466
3.341 10.182 -2.309 0.164 0.132 0.407 14 46 65466
2.227 9.302 0.175 0.458 0.25 0.437 40 52 65462
1.732 11.269 0.271 0.334 0.326 0.218 40 52 65462
2.109 9.995 0.052 0.05 0.098 0.168 40 52 65462
1.78 10.954 0.193 0.279 0.087 0.186 40 52 65462
1.993 6.59 -1.152 0.565 0.035 0.132 40 52 65462
1.577 2.111 -3.762 0.425 0.062 0.383 8 72 65462
-3.001 7.831 0.842 0.121 0.072 0.421 8 72 65462
-1.302 19.612 3.387 0.102 0.32 0.494 8 72 65462
-4.058 18.198 -1.325 0.166 0.391 0.142 8 72 65462
-3.654 2.256 -1.467 0.001 0.311 0.265 8 72 65462
-3.43 9.708 -4.645 0.162 0.539 0.323 5 43 65467
-3.884 8.183 -1.551 0.489 0.686 0.14 5 43 65467
-2.838 11.298 0.305 0.578 0.949 0.127 5 43 65467
1.516 12.076 0.387 0.409 0.829 0.156 5 43 65467
0.837 8.336 -1.228 0.045 0.246 0.029 5 43 65467
-5.151 10.01 -3.016 0.099 0.364 0.145 6 70 65462
-4.432 9.321 0.353 0.187 0.298 0.212 6 70 65462
0.948 11.004 0.452 0.32 0.091 0.293 6 70 65462
0.797 11.595 2.457 0.529 0.096 0.268 6 70 65462
1.978 14.676 -4.673 0.51 0.09 0.124 6 70 65462
4.255 9.072 0.92 0.025 0.309 0.278 44 56 65450
2.701 9.755 1.636 0.138 0.437 0.462 44 56 65450
3.49 7.733 -1.43 0.015 0.047 0.314 44 56 65450
1.826 10.898 -2.517 0.213 0.193 0.407 44 56 65450
1.903 11.411 1.084 0.548 0.205 0.378 44 56 65450
2.084 11.314 1.238 0.492 0.209 0.236 19 59 65477
1.635 9.653 0.89 0.156 0.071 0.238 19 59 65477
1.558 10.623 0.002 0.173 0.042 0.151 19 59 65477
1.322 4.452 -2.08 0.452 0.098 0.13 19 59 65477
0.112 6.843 0.93 0.24 0.022 0.272 19 59 65477
0.966 8.792 0.426 0.072 0.023 0.42 23 55 65449
8.347 13.891 -6.591 0.1 0.441 0.468 23 55 65449
-3.466 14.578 -2.401 0.373 0.219 0.059 23 55 65449
-5.878 1.924 -2.51 0.087 0.321 0.321 23 55 65449
-2.858 13.593 0.973 0.399 0.676 0.313 23 55 65449
-3.913 10.511 -1.394 0.585 0.935 0.094 17 31 65457
0.96 9.198 0.748 0.552 -1.09 0.126 17 31 65457
2.861 12.507 0.24 0.3 0.755 0.11 17 31 65457
0.325 9.712 -1.295 0.109 0.012 0.075 17 31 65457
-2.524 7.266 -1.657 0.252 0.468 0.193 17 31 65457
-4.276 7.852 0.853 0.31 0.275 0.193 49 61 65453
0.8 9.448 0.192 0.417 0.114 0.366 49 61 65453
0.687 9.822 -4.626 0.557 0.021 0.23 49 61 65453
4.741 12.375 -4.019 0.068 0.497 0.12 49 61 65453
4.125 8.226 0.052 0.014 0.533 0.342 49 61 65453
4.309 8.905 -1.401 0.12 0.208 0.385 6 58 65454
3.371 8.725 -3.054 0.121 0.178 0.278 6 58 65454
0.797 12.701 -1.836 0.409 0.209 0.351 6 58 65454
2.379 10.365 0.322 0.443 0.259 0.173 6 58 65454
2.877 12.028 0.123 0.26 0.357 0.029 6 58 65454
0.293 9.969 -1.655 0.108 0.222 0.138 36 64 65458
0.004 9.814 -1.611 0.42 0.027 0 36 64 65458
4.004 6.573 -1.327 0.519 0.159 0.316 36 64 65458
4.893 0.272 -1.667 0.391 0.066 0.424 36 64 65458
-2.926 11.773 0.955 0.27 0.284 0.593 36 64 65458
0.065 17.749 -3.635 0.019 0.041 0.478 65517 61 65475
-6.433 10.927 0.301 0.189 0.043 0.31 65517 61 65475
-2.193 7.271 -1.437 0.224 0.488 0.401 65517 61 65475
-2.669 10.904 -1.136 0.504 0.728 0.266 65517 61 65475
-2.835 9.237 -1.443 0.443 0.925 0.112 65517 61 65475
2.109 10.974 0.161 0.277 0.896 0.171 32 60 65452
0.717 12.865 0.102 0.118 0.431 0.049 32 60 65452
-4.746 7.73 -4.027 0.424 0.287 0.142 32 60 65452
-6.537 7.121 -2.002 0.51 0.385 0.151 32 60 65452
-2.053 5.61 -1.981 0.641 0.07 0.208 32 60 65452
-1.259 6.957 0.166 0.699 0.152 0.359 20 52 65458
-10.989 -9.382 -14.272 -1.033 0.125 0.197 20 52 65458
3.054 18.169 -3.737 0.099 0.304 0.221 20 52 65458
3.971 8.465 2.157 0.145 0.47 0.473 20 52 65458
3.848 7.912 0.409 0.127 0.076 0.43 20 52 65458
2.895 8.496 -3.866 0.279 0.285 0.403 20 88 65466
0.389 13.721 0.245 0.553 0.376 0.411 20 88 65466
1.728 9.804 0.772 0.487 0.319 0.18 20 88 65466
2.847 10.236 0.192 0.15 0.115 0.085 20 88 65466
0.987 10.984 0.101 0.219 0.037 0.185 20 88 65466
1.037 5.572 -1.206 0.584 0.177 0.042 65534 68 65474
2.23 4.381 -3.062 0.5 0.085 0.304 65534 68 65474
-2.491 7.601 1.091 0.285 0.044 0.349 65534 68 65474
0.483 14.015 0.138 0.359 0.387 0.415 65534 68 65474
1.569 12.246 -6.092 0.272 0.942 0.263 65534 68 65474
-4.181 10.235 1.094 0.238 0.574 0.324 29 77 65455
-1.598 9.501 0.673 0.33 0.617 0.389 29 77 65455
-6.039 8.854 0.905 0.581 0.754 0.171 29 77 65455
-2.215 10.593 -2.647 0.573 -1.079 0.145 29 77 65455
0.168 10.114 0.398 0.6 0.866 0.192 29 77 65455
0.8 8.805 -1.052 0.302 0.346 0.092 6 84 65466
0.913 7.63 -1.441 0.002 0.2 0.082 6 84 65466
-5.275 7.997 -2.042 0.055 0.3 0.122 6 84 65466
-3.509 8.243 -1.731 0.129 0.119 0.202 6 84 65466
1.247 8.172 1.064 0.297 0.096 0.379 6 84 65466
2.536 19.612 -1.04 0.459 0.25 0.212 65529 89 65459
4.048 13.259 -1.643 0.062 0.281 0.118 65529 89 65459
3.798 5.261 0.58 0.278 0.54 0.379 65529 89 65459
3.615 8.498 0.342 0.033 0.3 0.355 65529 89 65459
3.382 12.38 -1.217 0.204 0.119 0.261 65529 89 65459
1.989 10.793 0.198 0.512 0.212 0.391 30 72 65454
2.632 7.967 0.713 0.439 0.347 0.19 30 72 65454
2.033 10.894 0.411 0.222 0.303 0.154 30 72 65454
0.266 12.502 1.587 0.137 0.111 0.177 30 72 65454
2.665 10.922 0.708 0.487 0.094 0.098 30 72 65454
5.657 3.772 -3.106 0.586 0.068 0.335 9 97 65461
-1.531 4.825 0.475 0.331 0.19 0.393 9 97 65461
6.648 11.654 -7.126 0.22 0.048 0.566 9 97 65461
-6.259 15.078 -2.855 0.411 0.114 0.266 9 97 65461
-3.738 5.452 0.411 0.175 0.229 0.286 9 97 65461
-3.758 5.488 -5.462 0.12 0.553 0.281 65535 69 65477
-3.396 9.188 -2.499 0.585 0.717 0.095 65535 69 65477
-1.673 12.194 0.385 0.45 0.905 0.05 65535 69 65477
0.065 10.097 0.217 0.228 0.683 0.071 65535 69 65477
-1.349 9.123 0.961 0.238 0.11 0.056 65535 69 65477
-3.068 8.983 0.526 0.333 0.324 0.163 65523 87 65477
-3.36 8.091 -1.145 0.453 0.217 0.189 65523 87 65477
-2.325 9.261 0.751 0.539 0.11 0.32 65523 87 65477
0.767 14.369 4.414 0.774 0.106 0.224 65523 87 65477
1.725 18.018 -4.2 0.496 0.172 0.186 65523 87 65477
5.843 9.466 1.517 0.022 0.606 0.33 13 97 65475
4.096 6.774 0.136 0.213 0.334 0.409 13 97 65475
2.047 6.992 -1.277 0.062 0.132 0.324 13 97 65475
1.58 11.217 -2.604 0.258 0.194 0.38 13 97 65475
2.5 6.246 -1.717 0.57 0.2 0.288 13 97 65475
1.256 10.37 0.232 0.401 0.221 0.058 65533 93 65487
1.532 8.854 0.928 0.164 0.075 0.09 65533 93 65487
1.155 12.169 2.239 0.061 0.049 0.08 65533 93 65487
1.693 8.811 0.119 0.475 0.077 0.292 65533 93 65487
0.202 5.95 0.654 0.357 0.02 0.427 65533 93 65487
-1.86 9.871 0.837 0.295 0.055 0.438 65533 79 65465
2.085 19.084 -3.053 0.351 0.556 0.393 65533 79 65465
-4.115 11.933 -1.587 0.03 0.382 0.23 65533 79 65465
0.487 7.918 0.059 0.003 0.376 0.43 65533 79 65465
-2.205 8.528 -2.77 0.251 0.548 0.283 65533 79 65465
-3.356 7.66 -1.187 0.436 0.749 0.185 36 74 65462
0.22 13.225 0.672 0.643 0.809 0.256 36 74 65462
2.239 14.651 2.128 0.424 0.399 0.193 36 74 65462
-3.298 8.07 -2.421 0.042 0.245 0.045 36 74 65462
-6.289 9.555 -2.537 0.062 0.409 0.017 36 74 65462
0.93 12.306 1.393 0.132 0.106 0.063 65530 104 65476
0.916 6.137 0.269 0.204 0.102 0.292 65530 104 65476
-1.813 6.308 0.204 0.424 0.273 0.327 65530 104 65476
-1.786 17.708 -6.263 0.439 0.288 0.123 65530 104 65476
1.424 11.11 1.402 0.038 0.147 0.167 65530 104 65476
2.762 6.78 0.931 0.219 0.457 0.393 7 91 65475
5.173 8.213 -1.604 0.003 0.179 0.254 7 91 65475
3.271 6.883 -3.299 0.149 0.144 0.296 7 91 65475
2.064 9.85 0.717 0.404 0.154 0.381 7 91 65475
0.412 10.771 0.398 0.348 0.188 0.2 7 91 65475
2.551 10.767 0.143 0.144 0.043 0.103 0 96 65470
2.789 11.973 0.43 0.159 0.17 0.089 0 96 65470
1.26 8.338 0.877 0.404 0.009 0.169 0 96 65470
0.913 3.975 -1.561 0.474 0.129 0.421 0 96 65470
-3.664 7.696 -2.758 0.242 0.031 0.462 0 96 65470
4.072 13.237 -8.246 0.144 0.314 0.467 24 88 65464
-8.341 15.655 0.407 0.342 0.064 0.152 24 88 65464
-5.104 1.793 -2.713 0.407 0.225 0.307 24 88 65464
-2.954 6.449 -1.227 0.138 0.405 0.255 24 88 65464
-5.216 8.935 -3.017 0.563 0.511 0.106 24 88 65464
-2.855 11.251 0.071 0.549 0.692 0.175 21 79 65475
0.239 11.614 1.318 0.287 0.519 0.143 21 79 65475
-2.318 10.797 0.691 0.118 0.05 0.023 21 79 65475
-3.612 9.158 0.978 0.24 0.29 0.062 21 79 65475
-2.905 8.645 0.164 0.386 0.134 0.136 21 79 65475
-1.137 10.113 0.336 0.46 0.005 0.257 2 118 65474
1.705 12.938 2.852 0.677 0.306 0.149 2 118 65474
0.169 19.612 -2.652 0.469 0.246 0.129 2 118 65474
1.46 8.283 0.764 0.111 0.184 0.346 2 118 65474
2.318 9.358 0.044 0.126 0.353 0.432 2 118 65474
5.201 6.967 -2.005 0.026 0.068 0.3 20 96 65470
2.063 9.855 -2.981 0.34 0.282 0.385 20 96 65470
0.325 9.597 0.022 0.477 0.287 0.296 20 96 65470
1.138 10.825 0.08 0.307 0.096 0.083 20 96 65470
2.231 11.596 0.137 0.044 0.235 0.115 20 96 65470
1.549 10.271 0.651 0.363 0.285 0.065 1 101 65481
2.942 8.202 -1.493 0.574 0.199 0.234 1 101 65481
0.008 9.794 1.817 0.325 0.157 0.34 1 101 65481
0.465 9.375 0.866 0.103 0.267 0.434 1 101 65481
0.488 18.146 -4.944 0.128 0.587 0.222 1 101 65481
-5.216 9.532 1.025 0.151 0.296 0.166 65531 97 65485
-2.755 5.538 -1.723 0.138 0.415 0.37 65531 97 65485
-5.003 6.746 -2.02 0.524 0.573 0.176 65531 97 65485
-3.557 10.839 0.694 0.713 0.843 0.159 65531 97 65485
0.123 13.084 1.034 0.765 0.763 0.242 65531 97 65485
0.137 10.06 0.023 0.367 0.289 0.173 38 94 65466
-3.539 7.718 -2.482 0.006 0.284 0.044 38 94 65466
-3.157 9.767 0.64 0.027 0.286 0.025 38 94 65466
0.061 10.151 0.065 0.05 0.062 0.162 38 94 65466
0.125 8.155 0.926 0.065 0.206 0.266 38 94 65466
-4.293 18.541 -1.405 0.281 0.599 0.15 11 105 65487
2.476 16.261 -3.797 0.257 0 0.044 11 105 65487
2.636 8.507 1.869 0.121 0.233 0.292 11 105 65487
1.715 6.701 -2.088 0.052 0.108 0.347 11 105 65487
3.79 10.238 -2.437 0.396 0.147 0.205 11 105 65487
1.338 9.606 -1.601 0.452 0.273 0.314 8 122 65480
0.037 9.993 -1.899 0.449 0.281 0.253 8 122 65480
1.744 10.347 0.966 0.268 0.039 0.045 8 122 65480
2.57 11.627 0.571 0.049 0.171 0.059 8 122 65480
2.774 10.194 0.969 0.331 0.125 0.013 8 122 65480
0.168 5.354 -1.318 0.542 0.059 0.283 65511 107 65493
1.895 1.045 -2.743 0.59 0.042 0.396 65511 107 65493
1.916 19.612 -4.598 0.329 0.023 0.423 65511 107 65493
-4.452 14.939 -1.048 0.165 0.428 0.195 65511 107 65493
-2.141 14.488 -2.019 0.118 0.275 0.367 23 89 65467
-3.648 8.228 -2.007 0.372 0.52 0.216 23 89 65467
-3.286 12.368 0.193 0.57 0.725 0.184 23 89 65467
0.659 11.001 0.343 0.206 0.73 0.194 23 89 65467
0.244 11.469 0.045 0.168 0.267 0.061 23 89 65467
-5.254 10.678 -3.388 0.375 0.289 0.025 20 112 65474
-3.736 7.988 -1.677 0.51 0.27 0.104 20 112 65474
0.18 8.693 0.81 0.635 0.101 0.193 20 112 65474
2.566 9.273 1.62 0.825 0.034 0.227 20 112 65474
0.859 17.902 -1.296 -1.011 0.35 0.209 20 112 65474
1.668 16.873 -1.727 0.199 0.161 0.194 22 120 65480
0.654 7.234 1.497 0.108 0.068 0.412 22 120 65480
3.159 12.711 0.834 0.065 0.015 0.404 22 120 65480
1.921 11.493 0.532 0.561 0.324 0.351 22 120 65480
0.366 13.482 1.192 0.618 0.486 0.374 22 120 65480
0.943 10.151 0.452 0.308 0.392 0.192 6 124 65498
0.371 10.219 0.966 0.033 0.045 0.016 6 124 65498
2.772 9.592 0.81 0.236 0.449 0.051 6 124 65498
5.237 9.544 -3.129 0.469 0.462 0.03 6 124 65498
0.484 3.9 -1.368 0.501 0.158 0.296 6 124 65498
0.964 2.825 0.318 0.295 0.213 0.383 21 83 65471
2.201 11.98 -1.313 0.266 0.551 0.328 21 83 65471
-4.538 18.1 -2.637 0.144 0.211 0.159 21 83 65471
-1.808 9.071 0.755 0.195 0.18 0.278 21 83 65471
0.79 9.759 0.661 0.3 0.37 0.286 21 83 65471
-3.652 12.439 0.402 0.731 0.554 0.211 19 107 65477
-2.233 12.241 0.057 0.804 0.73 0.253 19 107 65477
0.271 9.716 0.744 0.612 0.586 0.236 19 107 65477
-1.453 7.121 -2.246 0.208 0.106 0.124 19 107 65477
-4.09 10.328 -2.833 0.015 0.323 0.04 19 107 65477
-6.114 7.808 -3.038 0.16 0.348 0.029 31 109 65483
-2.841 5.414 0.149 0.168 0.008 0.201 31 109 65483
0.409 4.398 0.746 0.347 0.041 0.309 31 109 65483
-7.056 11.794 -6.403 0.633 0.226 0.227 31 109 65483
5.315 8.057 -5.955 0.088 0.198 0.051 31 109 65483
2.758 8.801 2.555 0.096 0.289 0.444 22 96 65484
2.081 11.607 -1.759 0.072 0.017 0.447 22 96 65484
3.351 7.665 -1.569 0.216 0.29 0.269 22 96 65484
0.422 11.002 0.843 0.374 0.436 0.365 22 96 65484
-1.612 10.171 0.949 0.34 0.359 0.181 22 96 65484
1.598 8.645 -1.47 0.191 0.015 0.009 65528 118 65500
2.621 11.21 -1.035 0.166 0.281 0.018 65528 118 65500
1.72 9.688 -1.291 0.441 0.259 0.13 65528 118 65500
4.137 4.572 -2.755 0.572 0.09 0.378 65528 118 65500
1.198 0.893 -3.377 0.483 0.114 0.46 65528 118 65500
4.829 17.18 -5.753 0.314 0.071 0.422 7 115 65475
-6.744 12.889 -3.096 0.213 0.427 0.162 7 115 65475
-6.171 4.331 0.768 0.086 0.159 0.232 7 115 65475
-3.521 6.939 -5.068 0.021 0.252 0.219 7 115 65475
-2.615 13.317 -2.455 0.598 0.458 0.221 7 115 65475
-1.418 14.093 1.483 0.656 0.649 0.241 21 119 65479
-1.765 9.635 -1.234 0.34 0.669 0.215 21 119 65479
0.263 7.053 0.817 0.137 0.248 0.079 21 119 65479
-2.576 7.943 -2.392 0.289 0.318 0.077 21 119 65479
-5.194 7.323 -1.869 0.384 0.214 0.143 21 119 65479
0.955 3.321 -1.285 0.571 0.229 0.223 45 111 65483
0.673 11.103 1.775 0.719 0.048 0.269 45 111 65483
-1.124 16.952 -3.624 0.904 0.324 0.241 45 111 65483
4.916 13.819 -2.109 0.019 0.098 0.235 45 111 65483
1.207 8.165 0.66 0.142 0.049 0.444 45 111 65483
1.757 9.411 -1.128 0.455 0.341 0.3 65526 108 65488
1.993 9.603 0.786 0.576 0.47 0.321 65526 108 65488
0.63 11.878 0.235 0.402 0.371 0.175 65526 108 65488
0.484 8.452 -1.95 0.082 0.053 0.03 65526 108 65488
3.135 7.109 -1.786 0.098 0.453 0.095 65526 106 65504
0.776 7.856 0.021 0.315 0.41 0.169 65526 106 65504
1.347 6.563 -2.24 0.421 0.233 0.346 65526 106 65504
-1.472 3.536 0.58 0.336 0.12 0.449 65526 106 65504
4.103 10.971 -7.963 0.31 0.385 0.315 65526 106 65504
-7.295 17.124 -1.922 0.368 0.216 0.062 26 102 65480
-4.782 6.579 0.745 0.089 0.111 0.229 26 102 65480
-4.193 4.872 -2.682 0.235 0.31 0.202 26 102 65480
-3.236 12.151 -3.12 0.632 0.603 0.179 26 102 65480
-2.195 8.921 -1.216 0.771 0.609 0.265 26 102 65480
0.217 10.583 0.168 0.485 0.397 0.224 65533 105 65501
1.741 11.112 -1.182 0.019 0.01 0.115 65533 105 65501
-1.899 8.343 -1.006 0.276 0.395 0.051 65533 105 65501
-3.739 12.769 0.743 0.294 0.259 0.15 65533 105 65501
-1.719 5.801 -1.047 0.412 0.097 0.256 65533 105 65501
-1.424 9.961 1.587 0.527 0.006 0.342 15 107 65481
-2.803 18.417 -2.527 0.819 0.281 0.202 15 107 65481
3.381 10.555 -4.329 0.316 0.01 0.096 15 107 65481
2.041 6.04 0.853 0.065 0.126 0.454 15 107 65481
4.025 8.452 -3.199 0.039 0.032 0.412 15 107 65481
2.106 12.261 0.543 0.612 0.463 0.391 65515 125 65501
0.146 10.825 0.094 0.429 0.41 0.197 65515 125 65501
1.088 9.157 -1.021 0.121 0.043 0.02 65515 125 65501
1.45 9.807 -1.108 0.064 0.428 0.052 65515 125 65501
1.074 8.779 0.441 0.247 0.507 0.138 21 103 65481
1.951 8.698 0.407 0.397 0.346 0.309 21 103 65481
-1.711 0.486 -2.444 0.443 0.021 0.446 21 103 65481
3.751 16.024 -5.225 0.263 0.244 0.285 21 103 65481
-8.791 13.531 0.691 0.282 0.335 0.032 21 103 65481
-7.703 6.455 0.239 0.064 0.041 0.186 14 124 65490
-4.203 7.071 -3.485 0.04 0.396 0.233 14 124 65490
-4.165 10.036 -2.537 0.542 0.566 0.166 14 124 65490
-1.192 11.696 0.617 0.689 0.584 0.225 14 124 65490
-1.244 10.655 0.46 0.281 0.406 0.228 14 124 65490
2.014 10.274 0.632 0.131 0.065 0.138 16 110 65486
-4.686 11.042 -2.534 0.392 0.351 0.028 16 110 65486
-5.175 11.034 0.409 0.435 0.174 0.119 16 110 65486
1.26 4.414 -1.189 0.636 0.266 0.222 16 110 65486
1.136 10.248 0.701 0.788 0.087 0.279 16 110 65486
1.759 9.865 0.108 0.132 0.266 0.116 65526 76 50
0.817 9.161 0.72 0.355 0.335 0.102 65526 76 50
0.433 6.959 1.956 0.333 0.082 0.356 65493 39 61
-1.754 8.315 0.512 0.27 0.019 0.403 65493 39 61
7.917 8.622 -11.638 0.352 0.357 0.397 65493 39 61
-9.148 17.855 0.536 0.682 0.174 0.173 65493 39 61
-4.104 2.929 -4.879 0.225 0.169 0.298 65493 39 61
-2.56 5.939 -3.26 0.069 0.539 0.244 9 35 35
-2.776 6.761 -2.53 0.634 0.708 0.101 9 35 35
0.56 12.43 0.124 0.684 0.81 0.226 9 35 35
2.545 13.146 1.413 0.152 0.584 0.15 9 35 35
-1.163 7.316 -3.454 0.44 0.177 0.038 9 35 35
-3.847 8.676 0.428 0.46 0.574 0.068 10 42 34
-3.965 11.074 0.793 0.414 0.272 0.098 10 42 34
-1.892 6.169 0.863 0.603 0.184 0.279 10 42 34
0.135 9.69 0.52 0.958 0.109 0.307 10 42 34
0.93 7.193 -7.651 0.871 0.103 0.116 10 42 34
5.815 10.961 -2.977 0.186 0.17 0.324 6 42 28
-1.679 5.814 -4.277 0.571 0.013 0.55 6 42 28
5.652 8.464 0.901 0.187 0.127 0.372 6 42 28
2.84 9.606 0.903 0.516 0.234 0.363 6 42 28
0.541 13.273 1.102 0.446 0.381 0.344 6 42 28
1.474 9.421 0.822 0.069 0.329 0.061 1 51 53
1.23 9.769 0.396 0.204 0.085 0.042 1 51 53
1.837 12.248 0.36 0.419 0.333 0.136 1 51 53
4.377 11.132 -2.546 0.584 0.416 0.063 1 51 53
1.993 4.144 0.659 0.416 0.349 0.278 1 51 53
-1.035 10.178 2.634 0.229 0.277 0.379 65529 49 45
0.676 19.612 -2.018 0.405 0.657 0.245 65529 49 45
-3.514 13.435 -3.281 0.067 0.612 0.072 65529 49 45
0.405 4.594 -1.806 0.089 0.564 0.372 65529 49 45
-2.432 11.298 0.822 0.469 0.64 0.23 65529 49 45
-3.55 12.111 0.679 0.529 0.875 0.102 1 35 47
1.237 12.597 0.148 0.625 0.88 0.2 1 35 47
0.878 10.608 0.757 0.45 0.413 0.21 1 35 47
-3.688 7.115 -2.098 0.011 0.209 0.142 1 35 47
-7.058 7.287 -3.309 0.1 0.383 0.012 1 35 47
-2.248 12.902 0.909 0.144 0.086 0.18 8 20 34
0.244 4.477 0.676 0.148 0.094 0.232 8 20 34
0.281 4.973 0.312 0.329 0.344 0.229 8 20 34
1.671 15.982 -2.893 0.493 0.494 0.045 8 20 34
1.702 12.336 -2.53 0.017 0.029 0.053 8 20 34
-2.172 8.099 0.355 0.157 0.293 0.378 65529 21 39
4.791 10.049 0.343 0.193 0.306 0.255 65529 21 39
3.044 9.041 -2.176 0.193 0.129 0.265 65529 21 39
1.887 9.403 -1.048 0.504 0.232 0.313 65529 21 39
0.451 9.008 0.533 0.458 0.228 0.11 65529 21 39
3.506 10.676 0.04 0.347 0.052 0.006 65503 39 61
1.438 12.103 0.281 0.006 0.124 0.023 65503 39 61
2.349 9.512 0.812 0.289 0.142 0.203 65503 39 61
0.12 1.357 -2.748 0.451 0.021 0.452 65503 39 61
2.991 6.478 0.061 0.307 0.226 0.458 65503 39 61
-4.568 19.612 -2.169 0.041 0.055 0.217 65529 21 47
-5.73 8.307 0.165 0.18 0.23 0.148 65529 21 47
-3.576 4.854 -1.115 0.175 0.161 0.272 65529 21 47
-5.566 7.013 -2.917 0.386 0.4 0.282 65529 21 47
-2.304 13.927 0.612 0.629 0.783 0.131 65529 21 47
-1.246 12.557 0.039 0.689 0.781 0.197 65521 43 53
1.745 11.724 0.272 0.265 0.538 0.109 65521 43 53
0.323 9.494 -1.644 0.201 0.066 0.017 65521 43 53
0.699 7.952 -1.221 0.45 0.427 0.071 65521 43 53
-3.205 7.544 -1.914 0.47 0.243 0.217 65521 43 53
1.136 6.765 0.53 0.508 0.144 0.314 14 28 32
0.559 7.621 0.968 0.805 0.065 0.263 14 28 32
0.569 8.007 -10.011 0.629 0.195 0.101 14 28 32
3.604 3.444 0.677 0.057 0.006 0.351 14 28 32
1.195 7.468 -1.122 0.202 0.018 0.588 14 28 32
3.715 9.393 0.688 0.398 0.02 0.349 65512 10 52
1.094 9.026 -1 0.497 0.379 0.398 65512 10 52
0.365 10.406 0.295 0.508 0.44 0.327 65512 10 52
-1.065 12.695 0.36 0.216 0.26 0.085 65512 10 52
1.764 10.189 0.247 0.06 0.285 0.006 65512 10 52
2.63 10.455 0.363 0.346 0.426 0 65534 16 48
4.797 10.101 -2.404 0.601 0.338 0.159 65534 16 48
0.393 2.027 -1.407 0.428 0.115 0.34 65534 16 48
-5.317 8.124 0.199 0.224 0.258 0.41 65534 16 48
3.962 13.104 -8.198 0.253 0.562 0.269 65534 16 48
-8.823 13.76 0.143 0.384 0.027 0.074 65530 28 46
-2.881 2.385 -1.333 0.039 0.319 0.24 65530 28 46
-3.001 11.298 0.903 0.548 0.54 0.235 65530 28 46
-2.801 11.796 -1.703 0.662 0.806 0.128 65530 28 46
0.293 11.415 0.683 0.746 0.766 0.22 65530 28 46
0.325 10.293 0.027 0.384 0.392 0.198 65519 13 59
0.022 10.202 -1.538 0.104 0.126 0.105 65519 13 59
-2.51 6.226 -1.074 0.304 0.434 0.038 65519 13 59
-2.689 8.708 -2.045 0.339 0.259 0.153 65519 13 59
-1.497 1.322 0.535 0.442 0.035 0.25 65519 13 59
0.471 8.785 0.124 0.629 0.023 0.293 5 17 33
0.652 12.284 -7.703 0.84 0.217 0.156 5 17 33
0.696 8.931 -2.802 0.168 0.066 0.229 5 17 33
3.428 5.05 0.502 0.134 0.212 0.561 5 17 33
3.426 12.601 0.272 0.406 0.123 0.365 5 17 33
0.32 10.913 0.264 0.489 0.364 0.376 65528 16 66
0.069 10.512 -1.484 0.519 0.424 0.307 65528 16 66
-1.503 9.364 0.506 0.327 0.167 0.099 65528 16 66
1.908 9.385 0.951 0.126 0.233 0.022 65528 16 66
1.605 10.144 0.253 0.036 0.416 0.046 65528 16 66
1.721 8.875 0.599 0.353 0.327 0.167 12 14 42
1.501 0.227 -3.101 0.447 0.048 0.37 12 14 42
0.793 7.424 0.798 0.341 0.083 0.401 12 14 42
-2.649 19.612 -4.07 0.114 0.25 0.164 12 14 42
-3.726 8.96 1.054 0.173 0.16 0.144 12 14 42
-2.737 9.749 0.978 0.002 0.131 0.312 13 13 43
-4.572 11.838 -1.557 0.421 0.329 0.248 13 13 43
-3.889 10.561 -1.131 0.608 0.727 0.149 13 13 43
0.444 11.025 0.803 0.597 0.812 0.257 13 13 43
3.538 12.459 0.331 0.321 0.49 0.138 13 13 43
-2.224 10.437 -2.61 0.16 0.205 0.008 65532 8 52
-3.7 7.939 0.683 0.373 0.449 0.035 65532 8 52
-3.35 7.424 -2.196 0.363 0.175 0.17 65532 8 52
-1.255 5.283 0.276 0.46 0.115 0.305 65532 8 52
0.733 12.492 0.459 0.689 0.052 0.316 65532 8 52
-1.805 7.931 -9.179 0.632 0.194 0.172 5 7 43
3.841 2.297 -2.053 0.129 0.06 0.336 5 7 43
1.541 7.135 -1 0.069 0.15 0.506 5 7 43
3.587 10.227 -1.793 0.423 0.016 0.387 5 7 43
1.981 11.002 0.999 0.583 0.31 0.376 5 7 43
0.685 11.948 0.186 0.543 0.45 0.304 65532 8 52
0.535 11.381 0.027 0.194 0.277 0.074 65532 8 52
2.015 10.184 -1.042 0.03 0.23 0.042 65532 8 52
1.993 8.676 0.219 0.222 0.475 0.08 65532 8 52
4.758 9.127 -1.778 0.376 0.411 0.132 65532 8 52
0.541 3.758 -1.21 0.43 0.013 0.353 8 26 38
-1.63 10.213 0.065 0.275 0.154 0.399 8 26 38
0.834 19.612 -4.461 0.141 0.364 0.194 8 26 38
-5.024 6.7 -1.036 0.231 0.073 0.105 8 26 38
-4.957 5.433 0.047 0.097 0.262 0.345 8 26 38
-3.618 10.148 -1.758 0.493 0.51 0.241 65529 13 57
-2.843 10.785 -1.103 0.673 0.775 0.107 65529 13 57
0.738 10.836 0.584 0.625 0.737 0.225 65529 13 57
0.447 11.537 0.512 0.281 0.341 0.152 65529 13 57
-1.478 9.758 -2.13 0.198 0.283 0.029 65529 13 57
-5.568 6.491 -3.561 0.433 0.558 0.039 65535 15 51
-4.416 10.171 0.615 0.274 0.235 0.157 65535 15 51
-2.335 8.866 1.85 0.486 0.079 0.306 65535 15 51
-1.789 9.677 0.907 0.717 0.065 0.287 65535 15 51
2.189 17.536 -5.975 0.595 0.083 0.103 65535 15 51
2.658 0.87 -1.681 0.033 0.206 0.37 7 13 37
0.155 9.686 -1.57 0.099 0.23 0.517 7 13 37
4.11 11.105 0.802 0.519 0.056 0.402 7 13 37
3.295 11.291 0.849 0.646 0.376 0.389 7 13 37
-1.541 11.547 0.209 0.562 0.579 0.283 7 13 37
0.15 11.669 -1.07 0.197 0.353 0.028 65525 17 65
2.858 10.058 -1.194 0.061 0.13 0.032 65525 17 65
2.627 8.722 -1.496 0.251 0.34 0.069 65525 17 65
3.885 10.714 -1.705 0.391 0.274 0.217 65525 17 65
0.697 0.21 -2.031 0.433 0.018 0.422 65525 17 65
-1.492 12.192 0.235 0.34 0.186 0.418 9 9 43
-2.954 19.612 -4.56 0.171 0.31 0.231 9 9 43
-3.303 7.431 0.72 0.157 0.009 0.194 9 9 43
-3.918 7.348 -1.898 0.165 0.332 0.396 9 9 43
-4.265 8.775 -3.247 0.484 0.638 0.27 9 9 43
-3.217 10.527 -2.019 0.675 0.878 0.172 14 8 48
0.885 11.221 -1.017 0.533 0.79 0.215 14 8 48
0.356 11.506 0.481 0.105 0.331 0.124 14 8 48
-5.007 9.501 -2.841 0.344 0.342 0.045 14 8 48
-5.433 8.131 -4.046 0.525 0.485 0.002 14 8 48
-2.644 7.91 0.177 0.452 0.129 0.168 36 16 24
0.077 5.917 1.258 0.639 0.054 0.28 36 16 24
0.173 9.732 -2.377 0.938 0.082 0.264 36 16 24
2.85 19.612 -3.265 0.56 0.118 0.132 36 16 24
1.549 4.709 0.761 0.056 0.161 0.456 36 16 24
2.34 6.777 -2.761 0.083 0.11 0.488 19 65533 41
3.241 7.867 -2.965 0.39 0.168 0.381 19 65533 41
3.515 11.632 0.961 0.596 0.305 0.398 19 65533 41
0.215 11.225 0.328 0.446 0.49 0.202 19 65533 41
0.171 6.367 -2.27 0.12 0.286 0.012 19 65533 41
2.673 10.374 0.609 0.09 0.195 0.015 13 7 51
2.193 10.872 0.223 0.378 0.411 0.029 13 7 51
5.986 9.208 -1.883 0.608 0.314 0.253 13 7 51
0.609 7.625 1.847 0.447 0.016 0.395 13 7 51
1.07 11.444 0.776 0.32 0.198 0.449 13 7 51
-4.711 19.612 -2.057 0.039 0.209 0.188 13 3 39
-5.036 5.043 1.677 0.231 0.05 0.176 13 3 39
-3.355 7.173 -2.615 0.249 0.423 0.369 13 3 39
-5.945 6.698 -4.423 0.571 0.624 0.24 13 3 39
-1.65 12.219 -1.663 0.798 0.868 0.246 13 3 39
1.106 12.036 0.405 0.6 0.697 0.269 65532 65532 56
0.088 11.998 0.345 0.102 0.146 0.196 65532 65532 56
-2.893 10.225 -2.504 0.263 0.384 0.091 65532 65532 56
-2.898 10.624 0.508 0.391 0.397 0.002 65532 65532 56
-2.309 10.26 0.288 0.366 0.058 0.17 65532 65532 56
-2.1 7.584 0.877 0.416 0.007 0.248 15 1 45
0.786 14.074 0.318 0.721 0.203 0.232 15 1 45
1.189 13.61 -6.115 0.651 0.26 0.086 15 1 45
1.487 5.566 0.227 0.033 0.055 0.331 15 1 45
2.754 5.092 -3.026 0.053 0.174 0.447 15 1 45
4.399 7.427 -2.333 0.471 0.074 0.324 2 65526 42
1.804 11.678 -1.083 0.602 0.343 0.323 2 65526 42
0.808 6.247 -2.788 0.058 0.257 0.007 2 65526 42
1.325 10.866 0.405 0.106 0.304 0.064 2 65526 42
3.18 10.38 0.195 0.353 0.523 0.133 8 20 44
5.81 6.43 -3.338 0.523 0.371 0.317 8 20 44
0.909 8.135 1.314 0.376 0.087 0.437 8 20 44
3.523 17.149 -4.316 0.243 0.234 0.39 8 20 44
-6.084 13.187 -3.365 0.29 0.286 0.028 8 20 44
-4.988 5.901 0.991 0.14 0.088 0.168 6 65528 42
-3.193 8.364 -3.324 0.273 0.4 0.257 6 65528 42
-5.304 6.787 -3.247 0.474 0.726 0.149 6 65528 42
-3.918 11.945 -1.783 0.893 0.701 0.195 6 65528 42
0.248 10.941 0.015 0.574 0.645 0.241 6 65528 42
-2.826 7.395 -2.3 0.391 0.328 0.01 65535 65535 43
-5.556 9.352 -3.311 0.464 0.376 0.136 65535 65535 43
0.78 6.572 0.079 0.418 0.014 0.201 65535 65535 43
1.113 10.623 0.27 0.648 0.129 0.266 65535 65535 43
-4.062 13.661 -5.398 0.947 0.119 0.306 17 9 13
3.755 17.26 -2.636 0.365 0.104 0.096 17 9 13
1.286 6.484 0.169 0.047 0.062 0.52 17 9 13
2.45 12.307 -1.28 0.198 0 0.425 17 9 13
3.214 7.303 -1.68 0.517 0.34 0.353 17 9 13
2.7 11.411 0.366 0.558 0.542 0.338 65535 65533 47
-1.37 13.911 1.194 0.341 0.516 0.181 65535 65533 47
0.144 9.782 0.635 0.003 0.015 0.007 65535 65533 47
3.135 10.595 0.634 0.188 0.472 0.081 65535 65533 47
0.531 10.049 1.786 0.465 0.422 0.171 65535 65533 47
0.593 5.805 -3.054 0.542 0.198 0.323 65516 0 44
0.213 0.409 0.984 0.366 0.225 0.418 65516 0 44
6.888 12.544 -5.592 0.242 0.453 0.321 65516 0 44
-10.686 14.806 -2.929 0.363 0.24 0.009 65516 0 44
-5.063 4.833 0.745 0.127 0.115 0.145 65516 0 44
-3.032 8.099 -3.563 0.359 0.512 0.253 18 0 30
-2.95 9.417 -1.972 0.603 0.745 0.126 18 0 30
-1.74 11.61 0.837 0.888 0.644 0.199 18 0 30
0.38 13.553 1.713 0.498 0.451 0.245 18 0 30
0.079 8.578 -1.935 0.051 0.007 0.174 18 0 30
0.106 11.492 1.006 0.347 0.337 0.021 21 3 21
-2.937 9.264 -2.509 0.417 0.247 0.106 21 3 21
0.281 5.743 0.764 0.425 0.056 0.17 21 3 21
0.525 10.192 1.646 0.656 0.09 0.227 21 3 21
-2.582 13.828 -4.961 0.884 0.236 0.253 21 3 21
5.664 15.939 -1.11 0.134 0.213 0.124 65527 65523 29
0.266 8.045 0.177 0.058 0.191 0.501 65527 65523 29
4.795 8.177 -2.572 0.297 0.204 0.329 65527 65523 29
1.042 10.777 0.047 0.595 0.507 0.339 65527 65523 29
1.343 10.855 0.396 0.596 0.493 0.292 65527 65523 29
0.372 11.66 0.547 0.341 0.294 0.147 8 0 28
0.726 9.297 -1.74 0.027 0.043 0.011 8 0 28
3.004 9.357 -1.154 0.095 0.507 0.053 8 0 28
3.637 10.224 0.348 0.365 0.61 0.159 8 0 28
0.7 6.831 -1.102 0.504 0.393 0.282 8 0 28
-1.328 2.681 -3.193 0.528 0.488 0.328 65528 65518 34
5.249 12.236 -4.738 0.096 0.514 0.073 65528 65518 34
-6.992 9.643 0.355 0.478 0.164 0.037 65528 65518 34
-1.482 7.286 0.082 0.415 0.132 0.192 65528 65518 34
-1.618 8.647 -1.248 0.683 0.255 0.154 65528 65518 34
-1.776 11.979 -2.24 0.741 0.436 0.155 14 12 22
-2.363 12.235 0.149 0.717 0.497 0.268 14 12 22
-1.035 10.571 0.982 0.134 0.51 0.158 14 12 22
-1.461 9.142 -1.704 0.27 0.279 0.058 14 12 22
-5.188 9.076 -4.092 0.258 0.025 0.075 14 12 22
-2.342 5.341 -2.737 0.227 0.042 0.169 65506 65532 30
0.397 5.233 0.29 0.378 0.032 0.286 65506 65532 30
3.593 10.803 0.037 0.774 0.314 0.35 65506 65532 30
-5.585 12.486 -9.005 -1.135 0.869 0.269 65506 65532 30
0.193 11.961 -2.117 0.326 0.247 0.164 65506 65532 30
0.16 7.527 0.088 0.341 0.017 0.523 23 7 7
5.857 7.651 -2.914 0.093 0.083 0.334 23 7 7
0.426 10.608 -1.211 0.363 0.322 0.381 23 7 7
1.564 12.795 1.394 0.461 0.337 0.325 23 7 7
0.015 10.693 0.937 0.158 0.303 0.126 23 7 7
1.043 9.536 -1.03 0.089 0.068 0.012 28 65530 6
1.729 9.637 0.873 0.41 0.466 0.062 28 65530 6
2.675 11.244 0.427 0.739 0.579 0.16 28 65530 6
-1.425 4.484 -1.404 0.759 0.419 0.302 28 65530 6
-4.395 9.357 0.804 0.517 0.737 0.37 28 65530 6
1.417 14.957 -6.02 0.187 0.775 0.135 7 65517 11
-7.423 11.048 1.176 0.41 0.101 0.007 7 65517 11
-1.566 7.383 0.11 0.145 0.501 0.211 7 65517 11
-3.159 5.659 -3.353 0.495 0.627 0.186 7 65517 11
-3.368 12.903 -1.903 0.698 0.599 0.146 7 65517 11
0.976 12.332 0.354 0.617 0.49 0.268 65514 8 32
0.567 8.596 -1.659 0.315 0.291 0.216 65514 8 32
-2.721 6.222 -2.609 0.078 0.048 0.126 65514 8 32
-2.676 9.313 0.97 0.327 0.145 0.025 65514 8 32
-3.497 9.561 -1.122 0.305 0.138 0.092 65514 8 32
-1.496 1.623 -1.499 0.545 0.018 0.188 19 1 9
0.618 10.134 1.277 0.665 0.272 0.26 19 1 9
0.509 19.612 0.526 0.982 0.659 0.174 19 1 9
2.809 15.898 -2.082 0.417 0.382 0.083 19 1 9
0.926 8.234 0.973 0.152 0.089 0.47 19 1 9
2.686 10.456 0.395 0.196 0.081 0.387 65493 65525 27
2.262 11.621 0.014 0.4 0.28 0.362 65493 65525 27
0.068 12.97 0.791 0.375 0.407 0.373 65493 65525 27
-1.357 10.132 0.684 0.244 0.148 0.194 65493 65525 27
1.142 8.869 -1.118 0.112 0.261 0.086 65493 65525 27
0.8 11.399 0.608 0.051 0.603 0.098 65521 65527 17
2.239 8.554 0.16 0.305 0.717 0.083 65521 65527 17
0.117 2.064 -1.918 0.425 0.525 0.316 65521 65527 17
-3.166 9.647 -1.227 0.33 0.745 0.297 65521 65527 17
0.696 19.612 0.703 0.199 0.767 0.005 65521 65527 17
-2.171 8.729 1.476 0.466 0.344 0.005 4 6 10
0.557 6.694 -1.188 0.311 0.497 0.188 4 6 10
-3.112 9.927 -1.642 0.595 0.448 0.119 4 6 10
-3.025 11.173 -2.524 0.677 0.438 0.144 4 6 10
0.841 9.647 -1.134 0.643 0.341 0.307 4 6 10
-1.984 10.803 0.78 0.429 0.203 0.19 65518 2 24
-1.37 8.093 -1.402 0.035 0.075 0.071 65518 2 24
-3.183 11.549 -2.779 0.138 0.191 0.001 65518 2 24
-2.225 7.54 0.741 0.312 0.055 0.131 65518 2 24
-1.486 3.786 0.831 0.386 0.011 0.248 65518 2 24
0.514 13.11 0.366 0.671 0.319 0.235 0 65532 65516
-2.494 8.062 -8.96 0.722 0.583 0.023 0 65532 65516
2.373 7.546 0.482 0.266 0.168 0.196 0 65532 65516
0.117 6.458 0.017 0.37 0.004 0.451 0 65532 65516
4.388 10.345 0.633 0.174 0.014 0.369 0 65532 65516
1.515 8.069 -1.654 0.074 0.333 0.371 65523 65533 9
0.794 9.677 -1.411 0.241 0.288 0.334 65523 65533 9
0.489 10.153 0.337 0.18 0.156 0.118 65523 65533 9
0.424 10.903 0.345 0.048 0.118 0.049 65523 65533 9
2.226 10.743 0.869 0.298 0.462 0.001 65523 65533 9
2.645 8.998 0.656 0.471 0.592 0.158 65526 65520 2
0.263 3.782 0.38 0.568 0.544 0.332 65526 65520 2
2.145 7.825 0.277 0.449 0.722 0.346 65526 65520 2
-4.455 19.612 -1.443 0.052 0.68 0.021 65526 65520 2
-7.167 4.635 -2.09 0.275 0.194 0.036 65526 65520 2
1.023 3.198 -1.589 0.077 0.467 0.236 65535 65533 7
-4.791 7.249 -1.515 0.62 0.448 0.138 65535 65533 7
-2.208 10.727 -3.099 0.76 0.563 0.199 65535 65533 7
0.658 11.083 0.068 0.583 0.419 0.306 65535 65533 7
0.736 13.372 1.635 0.302 0.156 0.205 65535 65533 7
-4.299 8.653 -1.77 0.042 0.128 0.093 65517 65527 13
-7.34 8.349 -3.989 0.241 0.207 0.012 65517 65527 13
-2.202 6.645 0.478 0.243 0.002 0.133 65517 65527 13
1.776 8.251 2.234 0.385 0.096 0.254 65517 65527 13
-1.124 8.206 -2.384 0.655 0.521 0.189 65517 65527 13
0.468 18.177 -3.57 0.634 0.485 0.006 65518 6 65530
2.34 6.451 0.073 0.083 0.17 0.201 65518 6 65530
3.192 7.337 0.164 0.065 0.077 0.377 65518 6 65530
3.466 9.147 0.372 0.221 0.137 0.277 65518 6 65530
1.055 9.55 -1.94 0.273 0.372 0.288 65518 6 65530
0.726 9.489 0.438 0.402 0.294 0.246 65496 0 10
0.488 9.99 0.245 0.314 0.116 0.054 65496 0 10
0.86 10.052 0.294 0.068 0.289 0.038 65496 0 10
1.878 9.417 0.082 0.252 0.466 0.086 65496 0 10
1.686 10.116 0.681 0.445 0.521 0.229 65496 0 10
1.368 5.526 0.21 0.488 0.578 0.395 65531 13 65525
3.43 9.083 -5.115 0.36 0.77 0.308 65531 13 65525
-5.337 16.574 -4.629 0.301 0.295 0.079 65531 13 65525
-4.293 6.637 -1.57 0.275 0.186 0.148 65531 13 65525
-2.692 7.888 0.354 0.257 0.422 0.227 65531 13 65525
-3.679 7.659 -3.393 0.674 0.511 0.135 65519 65523 9
-3.709 9.581 -4.374 0.787 0.472 0.26 65519 65523 9
-2.179 9.546 0.738 0.585 0.399 0.272 65519 65523 9
0.172 9.67 0.305 0.323 0.213 0.15 65519 65523 9
-2.716 10.621 -1.177 0.001 0.116 0.072 65519 65523 9
-1.351 9.398 0.723 0.189 0.165 0.031 65503 11 1
-2.85 7.874 0.822 0.278 0.082 0.172 65503 11 1
-1.566 4.776 0.18 0.416 0.033 0.268 65503 11 1
1.63 11.915 0.128 0.654 0.344 0.23 65503 11 1
-2.543 6.625 -11.391 0.751 0.576 0.012 65503 11 1
2.146 4.752 -2.114 0.263 0.187 0.187 3 1 65517
1.608 8.813 0.83 0.127 0.045 0.469 3 1 65517
4.557 9.634 1.594 0.209 0.162 0.356 3 1 65517
1.818 10.324 -1.036 0.397 0.511 0.33 3 1 65517
0.794 12.193 0.487 0.382 0.488 0.319 3 1 65517
-1.225 10.442 0.11 0.107 0.129 0.085 65484 0 20
2.646 10.034 0.179 0.111 0.403 0.009 65484 0 20
1.742 8.948 0.508 0.232 0.56 0.029 65484 0 20
1.713 9.178 0.833 0.372 0.567 0.241 65484 0 20
0.913 6.773 0.738 0.418 0.501 0.387 65484 0 20
2.995 11.215 -4.55 0.339 0.742 0.299 65483 7 5
-4.964 15.112 -4.197 0.402 0.236 0.119 65483 7 5
-3.646 14.128 1.844 0.396 0.103 0.049 65483 7 5
-3.232 3.91 -2.576 0.295 0.32 0.158 65483 7 5
-3.894 10.99 -3.743 0.672 0.478 0.089 65483 7 5
-3.192 15.393 0.32 0.85 0.479 0.196 8 18 65530
0.418 11.097 0.863 0.505 0.495 0.217 8 18 65530
-2.439 10.702 0.484 0.199 0.29 0.114 8 18 65530
-2.448 8.888 -1.194 0.095 0.01 0.01 8 18 65530
0.621 9.35 -1.685 0.144 0.129 0.078 8 18 65530
-2.412 7.575 0.107 0.351 0.094 0.221 65533 19 65519
0.013 5.807 0.814 0.526 0.038 0.294 65533 19 65519
-2.209 14.581 -1.855 0.859 0.426 0.282 65533 19 65519
1.539 19.612 -3.22 0.595 0.477 0.089 65533 19 65519
0.5 5.995 1.34 0.185 0.129 0.348 65533 19 65519
2.507 8.757 -3.276 0.043 0.034 0.491 65485 65525 65529
2.048 9.003 0.243 0.174 0.298 0.373 65485 65525 65529
0.483 11.949 -1.402 0.408 0.449 0.411 65485 65525 65529
-1.023 12.087 0.254 0.45 0.233 0.317 65485 65525 65529
0.228 11.136 -1.255 0.256 0.071 0.134 65485 65525 65529
2.068 10.834 0.366 0.056 0.359 0.021 65483 3 9
2.898 8.18 0.333 0.249 0.504 0.037 65483 3 9
3.192 6.665 -1.924 0.504 0.521 0.161 65483 3 9
0.885 1.037 -1.114 0.589 0.385 0.35 65483 3 9
3.837 6.85 -7.811 0.365 0.575 0.34 65483 3 9
-4.29 19.612 -1.191 0.325 0.311 0.049 65508 65528 65532
-4.367 5.353 0.884 0.477 0.02 0.124 65508 65528 65532
0.357 10.927 -1.555 0.551 0.262 0.175 65508 65528 65532
-4.801 9.287 -3.135 0.69 0.259 0.152 65508 65528 65532
-4.199 12.884 -1.519 0.804 0.4 0.22 65508 65528 65532
-1.875 10.287 -1.9 0.468 0.541 0.251 65513 11 1
1.231 6.536 0.752 0.025 0.48 0.114 65513 11 1
-1.908 8.701 -4.113 0.144 0.088 0.095 65513 11 1
-5.203 9.015 0.91 0.134 0.245 0.143 65513 11 1
0.575 4.345 0.135 0.413 0.052 0.264 65513 11 1
3.15 12.715 2.209 0.685 0.029 0.393 65485 9 65519
-3.676 19.612 -3.524 0.995 0.448 0.224 65485 9 65519
2.937 10.493 -3.399 0.468 0.099 0.055 65485 9 65519
0.761 8.929 0.422 0.036 0.212 0.412 65485 9 65519
1.705 11.566 0.102 0.117 0.232 0.416 65485 9 65519
2.598 9.224 -2.067 0.466 0.142 0.258 65506 4 0
1.812 14.368 1.389 0.751 0.3 0.359 65506 4 0
0.603 13.584 1.509 0.522 0.37 0.217 65506 4 0
1.736 10.492 0.772 0.148 0.033 0 65506 4 0
3.794 9.168 -1.538 0.064 0.531 0.086 65506 4 0
1.839 8.898 0.594 0.359 0.45 0.013 65484 18 16
7.198 3.451 -3.787 0.473 0.301 0.295 65484 18 16
4.639 1.561 -3.08 0.251 0.24 0.406 65484 18 16
0.955 19.612 -3.13 0.099 0.253 0.334 65484 18 16
-8.014 13.484 -2.178 0.341 0.294 0.06 65484 18 16
-5.246 5.6 -1.499 0.074 0.111 0.294 65474 65528 12
-1.104 9.854 -3.277 0.231 0.389 0.341 65474 65528 12
-4.077 8.749 -1.892 0.56 0.613 0.139 65474 65528 12
-1.292 11.889 0.615 0.712 0.876 0.172 65474 65528 12
0.879 7.424 -3.133 0.329 0.837 0.171 65474 65528 12
-1.053 8.688 -2.39 0.007 0.2 0.008 65502 4 65532
-3.026 9.2 -3.154 0.304 0.382 0.082 65502 4 65532
-3.794 7.225 -2.992 0.343 0.361 0.101 65502 4 65532
-2.621 6.9 0.223 0.431 0.015 0.244 65502 4 65532
0.371 9.185 0.312 0.575 0.007 0.312 65502 4 65532
0.792 19.612 -3.354 0.722 0.19 0.32 65495 3 65527
2.914 10.324 -3.136 0.154 0 0.169 65495 3 65527
0.969 5.728 0.786 0.06 0.108 0.499 65495 3 65527
2.033 12.905 -1.582 0.105 0.031 0.52 65495 3 65527
3.703 7.908 -2.019 0.44 0.234 0.373 65495 3 65527
2.764 13.067 0.343 0.676 0.452 0.428 65488 14 4
-2.551 12.433 0.403 0.344 0.488 0.256 65488 14 4
1.185 10.548 -1.045 0.021 0.006 0.037 65488 14 4
2.978 8.963 -1.453 0.187 0.442 0.095 65488 14 4
0.021 5.951 0.363 0.478 0.4 0.024 65488 14 4
2.716 5.024 -1.878 0.492 0.181 0.261 65464 65530 26
0.743 5.081 0.512 0.428 0.063 0.409 65464 65530 26
2.546 16.95 -2.615 0.353 0.405 0.512 65464 65530 26
-3.757 12.185 -4.114 0.276 0.052 0.095 65464 65530 26
-7.078 2.4 0.598 0.116 0.097 0.236 65464 65530 26
-3.205 7.145 -4.234 0.141 0.606 0.31 65500 65522 4
-3.823 7.799 -3.819 0.632 0.719 0.172 65500 65522 4
-1.668 9.65 -2.585 0.576 0.833 0.113 65500 65522 4
0.099 12.8 0.719 0.273 0.66 0.148 65500 65522 4
0.09 11.372 0.702 0.108 0.204 0.045 65500 65522 4
-5.392 7.171 -3.588 0.516 0.435 0.02 65500 65534 0
-5.86 7.716 -4.206 0.48 0.347 0.075 65500 65534 0
-3.672 4.944 0.517 0.632 0.051 0.256 65500 65534 0
0.217 12.704 1.838 0.723 0.136 0.318 65500 65534 0
1.613 17.572 0.905 -1.052 0.046 0.192 65500 65534 0
2.695 9.446 -2.956 0.614 0.108 0.141 65496 2 65530
0.16 7.801 0.758 0.081 0.166 0.517 65496 2 65530
4.921 8.042 -2.765 0.17 0.193 0.471 65496 2 65530
2.206 10.789 -1.529 0.547 0.227 0.4 65496 2 65530
1.839 10.435 0.184 0.633 0.466 0.432 65496 2 65530
0.25 11.003 0.442 0.298 0.47 0.174 65504 0 16
1.227 8.066 -1.476 0.062 0.044 0.102 65504 0 16
1.593 10.259 0.453 0.08 0.365 0.256 65504 0 16
1.316 11.243 1.545 0.338 0.422 0.024 65504 0 16
1.194 2.991 -2.662 0.343 0.162 0.28 65504 0 16
0.302 6.393 0.835 0.187 0.094 0.299 65481 65525 25
2.111 13.232 -3.409 0.3 0.543 0.302 65481 65525 25
-1.029 15.637 -2.738 0.01 0.629 0.065 65481 65525 25
-4.388 2.804 0.511 0.363 0.345 0.271 65481 65525 25
-4.206 9.901 -3.444 0.481 0.543 0.36 65481 65525 25
-4.516 8.819 -2.857 0.601 0.812 0.132 65519 65535 9
-1.588 10.523 -1.264 0.691 -1.024 0.149 65519 65535 9
1.048 12.37 0.985 0.544 0.748 0.197 65519 65535 9
1.017 10.111 0.98 0.094 0.073 0.145 65519 65535 9
-3.815 8.575 -2.958 0.231 0.575 0.017 65519 65535 9
-6.303 9.653 -2.983 0.199 0.547 0.059 65471 5 19
-3.234 6.819 0.515 0.288 0.066 0.154 65471 5 19
0.354 9.47 2.134 0.485 0.032 0.237 65471 5 19
-1.171 9.44 -9.378 0.565 0.108 0.105 65471 5 19
3.114 11.924 0.65 0.199 0.264 0.145 65471 5 19
1.326 6.272 -1.15 0.049 0.088 0.486 65488 0 18
1.759 11.487 -2.194 0.206 0.081 0.41 65488 0 18
3.135 5.997 -4.34 0.313 0.27 0.243 65488 0 18
2.524 8.38 0.985 0.579 0.344 0.336 65488 0 18
0.65 10.126 0.329 0.393 0.355 0.125 65488 0 18
1.045 8.064 -2.304 0.098 0.028 0.08 65490 14 22
2.947 10.934 -1.584 0.211 0.327 0.112 65490 14 22
1.715 5.936 0.586 0.414 0.25 0.143 65490 14 22
0.214 2.688 -1.413 0.474 0.009 0.324 65490 14 22
-1.058 10.16 -3.501 0.354 0.124 0.384 65490 14 22
0.588 19.549 -5.402 0.033 0.096 0.292 65495 3 7
-7.331 10.241 -2.644 0.299 0.213 0.154 65495 3 7
0.165 8.475 0.861 0.119 0.303 0.396 65495 3 7
-2.413 3.845 -4.107 0.123 0.615 0.291 65495 3 7
-3.427 9.61 -3.47 0.53 0.699 0.13 65495 3 7
-1.759 12.047 -1.687 0.334 0.772 0.17 65507 65521 13
0.47 8.462 -2.117 0.144 0.535 0.134 65507 65521 13
-2.093 7.995 -3.041 0.533 0.112 0.011 65507 65521 13
-3.658 11.754 0.152 0.509 0.397 0.057 65507 65521 13
-4.027 7.897 0.784 0.753 0.092 0.169 65507 65521 13
-1.076 5.288 0.841 0.933 0.153 0.258 65466 20 16
0.493 8.987 0.075 -1.097 0.049 0.237 65466 20 16
0.099 9.605 -3.705 0.896 0.336 0.189 65466 20 16
0.107 9.718 0.709 0.076 0.125 0.328 65466 20 16
-2.56 6.67 -2.373 0.092 0.373 0.38 65505 105 25
-3.414 10.79 -2.336 0.444 0.604 0.142 65505 105 25
-2.303 8.653 -1.842 0.657 0.648 0.221 65505 105 25
0.148 11.593 0.562 0.409 0.517 0.231 65530 110 16
0.817 11.793 0.422 0.068 0.148 0.08 65530 110 16
-4.631 8.68 -2.925 0.458 0.328 0.002 65530 110 16
-5.078 8.042 -3.456 0.399 0.257 0.087 65530 110 16
-1.902 5.516 0.53 0.522 0.154 0.282 65530 110 16
0.387 9.509 0.909 0.707 0.138 0.327 65517 127 25
1.562 11.275 -1.898 -1.059 0.002 0.288 65517 127 25
3.93 14.056 -3.531 0.618 0.335 0.195 65517 127 25
1.959 8.183 1.116 0.033 0.034 0.467 65517 127 25
1.762 5.974 -2.167 0.104 0.083 0.449 65517 127 25
3.551 11.028 0.462 0.616 0.233 0.373 65520 126 32
0.274 10.28 -1.243 0.59 0.523 0.392 65520 126 32
0.721 9.921 0.339 0.374 0.369 0.194 65520 126 32
0.816 9.419 0.744 0.093 0.002 0.092 65520 126 32
1.99 9.606 0.72 0.104 0.367 0.217 65520 126 32
3.36 9.01 -1.651 0.308 0.549 0.035 65511 125 33
0.718 3.567 -1.079 0.328 0.28 0.281 65511 125 33
-2.315 8.433 0.403 0.316 0.365 0.292 65511 125 33
4.067 17.209 -5.568 0.327 0.734 0.084 65511 125 33
-8.641 10.119 0.318 0.316 0.04 0.019 65511 125 33
-2.776 7.571 0.572 0.155 0.268 0.33 65487 123 59
-2.598 10.851 0.019 0.353 0.378 0.305 65487 123 59
-3.148 7.744 -2.571 0.484 0.638 0.065 65487 123 59
-2.408 9.783 -1.163 0.711 0.645 0.178 65487 123 59
0.27 8.992 -3.084 0.504 0.375 0.269 65487 123 59
0.248 10.929 0.808 0.176 0.112 0.121 65507 89 41
-5.137 8.766 -3.045 0.261 0.499 0.02 65507 89 41
-5.141 8.414 -3.074 0.234 0.308 0.055 65507 89 41
-2.173 5.567 0.355 0.363 0.129 0.283 65507 89 41
0.308 9.008 2.073 0.468 0.085 0.415 65507 89 41
1.023 19.057 0.821 0.778 0.069 0.282 65508 104 32
3.909 11.739 -3.762 0.311 0.225 0.108 65508 104 32
2.341 3.462 0.271 0.138 0.4 0.335 65508 104 32
3.386 6.362 -4.805 0.009 0.254 0.42 65508 104 32
4.874 10.371 -1.525 0.575 0.131 0.321 65508 104 32
1.774 12.635 0.474 0.601 0.511 0.274 65535 113 39
0.073 10.955 0.416 0.338 0.601 0.082 65535 113 39
1.15 10.268 -1.277 0.009 0.123 0.015 65535 113 39
2.603 10.554 0.415 0.215 0.394 0.075 65535 113 39
2.331 10.505 0.659 0.453 0.428 0.133 65535 113 39
0.173 7.247 0.237 0.457 0.089 0.394 65497 127 49
0.184 13.819 1.545 0.369 0.183 0.412 65497 127 49
-3.76 15.829 -4.436 0.215 0.167 0.14 65497 127 49
-3.11 4.041 0.533 0.192 0.111 0.19 65497 127 49
0.678 9.463 0.144 0.012 0.272 0.392 65497 127 49
-4.317 8.111 -3.64 0.379 0.472 0.283 65505 85 59
-3.186 9.303 -1.795 0.648 0.836 0.148 65505 85 59
-1.133 10.627 0.415 0.584 0.803 0.23 65505 85 59
1.473 11.529 -1.213 0.258 0.439 0.14 65505 85 59
-4.406 9.689 -1.97 0.203 0.27 0.019 65505 85 59
-5.034 6.463 -2.974 0.478 0.41 0.013 65513 95 51
-3.52 7.887 -1.171 0.368 0.022 0.142 65513 95 51
0.976 3.86 0.061 0.54 0.171 0.346 65513 95 51
0.787 10.952 1.75 0.715 0.004 0.371 65513 95 51
1.704 19.612 -1.48 0.856 0.147 0.271 65513 95 51
2.154 10.293 -4.213 0.193 0.068 0.279 65528 106 46
1 6.882 0.067 0.068 0.183 0.462 65528 106 46
4.173 9.294 -2.852 0.207 0.101 0.402 65528 106 46
2.899 9.137 -1.594 0.562 0.271 0.374 65528 106 46
2.908 10.378 0.008 0.596 0.478 0.332 65528 106 46
-1.288 10.174 0.076 0.208 0.44 0.104 1 107 47
0.978 9.842 0.776 0.06 0.039 0.023 1 107 47
2.96 9.168 0.961 0.306 0.459 0.125 1 107 47
2.785 10.036 0.973 0.443 0.438 0.081 1 107 47
0.639 5.129 0.824 0.338 0.308 0.364 1 107 47
-1.673 7.773 0.835 0.135 0.31 0.422 65521 91 39
0.447 19.612 -3.764 0.017 0.35 0.128 65521 91 39
-6.312 8.056 1.185 0.329 0.028 0.036 65521 91 39
-3.013 6.619 0.521 0.025 0.511 0.366 65521 91 39
-1.751 6.358 -3.84 0.383 0.582 0.348 65521 91 39
-3.763 8.59 -2.602 0.655 0.717 0.095 65532 102 52
0.456 13.225 0.05 0.23 0.264 0.247 65532 102 52
-1.201 9.937 0.143 0.215 0.24 0.108 65532 102 52
-6.242 8.286 -3.023 0.425 0.435 0.036 65532 102 52
-3.112 10.594 1.078 0.324 0.147 0.097 65499 103 59
0.426 7.381 1.62 0.572 0.124 0.288 65499 103 59
-2.56 9.87 0.602 0.773 0.068 0.389 65499 103 59
3.125 18.607 0.584 0.953 0.241 0.198 65499 103 59
2.882 12.832 -2.661 0.276 0.011 0.22 65499 103 59
3.342 6.047 -1.45 0 0.14 0.408 65510 106 74
4.241 8.959 -1.63 0.32 0.025 0.401 65510 106 74
2.157 9.573 -1.296 0.653 0.452 0.361 65510 106 74
1.343 10.326 0.36 0.65 0.565 0.278 65510 106 74
0.256 9.453 0.106 0.242 0.392 0.06 65510 106 74
0.642 9.917 0.702 0.063 0.088 0.066 65521 111 65
2.024 10.032 -1.156 0.296 0.398 0.138 65521 111 65
1.883 9.315 -1.856 0.402 0.396 0.102 65521 111 65
0.49 8.141 0.988 0.333 0.194 0.331 65521 111 65
0.494 11.355 0.999 0.139 0.408 0.353 65521 111 65
1.867 19.612 -3.317 0.029 0.451 0.055 65521 103 63
-5.373 5.868 0.356 0.306 0.089 0.081 65521 103 63
-1.59 8.026 0.391 0.033 0.532 0.406 65521 103 63
-2.02 8.152 -1.805 0.364 0.585 0.276 65521 103 63
-2.941 9.056 -2.517 0.563 0.605 0.102 65521 103 63
-1.205 12.047 0.343 0.619 0.545 0.246 65531 85 61
1.95 13.271 0.43 0.285 0.286 0.245 65531 85 61
-1.583 9.89 0.587 0.157 0.181 0.083 65531 85 61
-2.009 8.514 -1.935 0.365 0.403 0.021 65531 85 61
-3.074 9.643 1.065 0.308 0.195 0.126 65531 85 61
0.949 6.222 0.329 0.505 0.146 0.363 65532 118 50
0.492 11.638 0.563 0.67 0.031 0.439 65532 118 50
0.778 13.158 -6.144 -1.012 0.174 0.226 65532 118 50
3.02 11.698 -2.251 0.413 0.136 0.197 65532 118 50
2.082 3.156 -3.332 0.26 0.348 0.451 65532 118 50
5.27 6.985 -1.254 0.157 0.215 0.379 4 100 56
2.129 11.465 0.342 0.415 0.405 0.316 4 100 56
0.18 10.244 0.084 0.434 0.571 0.285 4 100 56
-1.57 11.791 0.316 0.12 0.337 0.048 4 100 56
0.585 9.513 0.836 0.096 0.2 0.061 4 100 56
2.687 10.673 0.264 0.203 0.58 0.118 65535 107 63
7.353 8.759 -2.195 0.384 0.593 0.168 65535 107 63
-1.938 7.887 0.792 0.396 0.213 0.388 65535 107 63
0.154 14.271 2.847 0.205 0.584 0.286 65535 107 63
-2.874 19.612 -3.023 0.01 0.525 0.006 65535 107 63
-2.797 11.329 1.976 0.348 0.334 0.066 2 102 60
0.172 10.038 0.347 0.213 0.495 0.332 2 102 60
-2.466 5.029 -2.794 0.297 0.618 0.242 2 102 60
-1.883 9.214 -1.946 0.526 0.788 0.036 2 102 60
-3.494 9.093 -2.155 0.761 0.628 0.188 2 102 60
1.156 12.491 0.18 0.544 0.309 0.215 1 73 63
-5.226 8.54 -2.662 0.111 0.241 0.044 1 73 63
-4.837 8.291 -2.239 0.093 0.278 0.062 1 73 63
0.803 10.716 0.895 0.151 0.071 0.166 1 73 63
0.053 7.143 1.69 0.224 0.016 0.361 1 73 63
-2.592 11.561 1.599 0.486 0.195 0.404 6 86 66
1.624 17.324 -4.129 0.593 0.166 0.198 6 86 66
3.326 8.81 -1.656 0.025 0.425 0.218 6 86 66
3.552 7.744 1.339 0.185 0.485 0.376 6 86 66
3.975 9.595 0.53 0.128 0.141 0.378 6 86 66
2.104 12.107 -1.613 0.287 0.173 0.329 5 109 61
1.89 9.507 0.395 0.575 0.214 0.278 5 109 61
1.395 13.162 0.577 0.358 0.254 0.104 5 109 61
0.538 11.33 0.719 0.014 0.005 0.135 5 109 61
1.704 10.461 0.91 0.241 0.259 0.074 5 109 61
0.989 7.36 0.38 0.403 0.2 0.267 9 91 59
0.384 6.931 0.043 0.4 0.028 0.428 9 91 59
3.417 13.059 -3.233 0.265 0.19 0.357 9 91 59
-5.178 13.336 -5.353 0.087 0.117 0.029 9 91 59
-5.536 4.326 0.994 0.017 0.016 0.173 9 91 59
-1.989 12.161 -2.085 0.065 0.228 0.377 65527 99 73
-3.122 8.337 0.882 0.187 0.41 0.212 65527 99 73
-2.424 13.377 0.034 0.581 0.68 0.053 65527 99 73
0.156 12.488 -1.23 0.557 0.68 0.17 65527 99 73
2.798 12.503 0.865 0.256 0.316 0.13 65527 99 73
-1.89 8.349 -3.11 0.238 0.355 0.063 65512 96 94
-6.252 7.366 -2.316 0.228 0.464 0.112 65512 96 94
-1.405 9.222 0.928 0.237 0.077 0.204 65512 96 94
0.317 5.169 0.721 0.347 0.14 0.437 65512 96 94
-2.069 7.146 0.027 0.658 0.015 0.45 65512 96 94
1.01 17.992 -4.83 0.661 0 0.131 65525 99 67
4.78 6.98 0.647 0.099 0.44 0.109 65525 99 67
2.843 5.586 0.033 0.246 0.378 0.333 65525 99 67
3.944 10.307 0.769 0.233 0.011 0.367 65525 99 67
1.454 12.713 -1.48 0.496 0.294 0.368 65525 99 67
0.106 12.526 0.742 0.565 0.422 0.247 65512 74 82
1.291 10.736 0.399 0.1 0.417 0.077 65512 74 82
0.235 9.497 -1.072 0.109 0.029 0.192 65512 74 82
2.874 8.931 -1.057 0.362 0.376 0.082 65512 74 82
7.641 4.806 -3.533 0.498 0.287 0.278 65512 74 82
-1.856 5.778 -1.036 0.336 0.015 0.386 4 98 72
2.317 15.337 0.578 0.298 0.42 0.331 4 98 72
-3.603 14.235 -2.049 0.27 0.53 0.009 4 98 72
-2.748 8.231 1.096 0.066 0.373 0.143 4 98 72
-1.152 13.4 1.238 0.165 0.571 0.381 4 98 72
-2.641 7.812 0.307 0.32 0.758 0.188 6 76 74
-1.866 9.265 -2.668 0.574 -1.012 0.098 6 76 74
0.448 11.723 0.228 0.77 0.797 0.254 6 76 74
1.916 10.916 0.404 0.471 0.224 0.231 6 76 74
