4.705	9.977	0.203	0.494	0.8	0.196	3	101	65453
2.601	9.07	-1.705	0.544	0.639	0.07	3	101	65453
1.807	7.088	-1.812	0.298	0.255	0.106	3	101	65453
4.231	11.709	0.453	0.042	0.019	0.184	3	101	65453
1.899	10.816	0.988	0.056	0.148	0.071	3	101	65453
2.127	9.378	-1.298	0.13	0.305	0.019	65510	96	65476
2.026	10.109	0.177	0.207	0.445	0.09	65510	96	65476
1.538	10.242	0.824	0.156	0.413	0.05	65510	96	65476
0.417	10.125	-1.306	0.111	0.197	0.078	65510	96	65476
1.025	6.33	0.05	0.033	0.074	0.324	65510	96	65476
-2.281	9.588	2.063	0.121	0.071	0.375	11	103	65457
2.258	15.297	-1.561	0.217	0.267	0.246	11	103	65457
-2.885	14.885	0.359	0.163	0.288	0.183	11	103	65457
-5.198	7.098	-1.787	0.158	0.357	0.067	11	103	65457
-1.638	8.845	-1.928	0.072	0.202	0.078	11	103	65457
-4.473	9.149	-3.171	0.045	0.163	0.023	4	80	65462
-5.726	11.507	0.172	0.125	0.015	0.053	4	80	65462
-1.75	11.264	-3.068	0.329	0.239	0.032	4	80	65462
0.335	9.84	0.679	0.473	0.289	0.1	4	80	65462
-2.364	8.908	0.873	0.326	0.205	0.25	4	80	65462
0.851	12.219	-2.09	0.14	0.103	0.265	30	120	65448
-1.471	9.671	-1.055	0.084	0.047	0.455	30	120	65448
3.995	10.068	0.432	0.315	0.088	0.634	30	120	65448
-3.946	17.187	0.032	0.428	0.11	0.401	30	120	65448
4.367	13.339	-2.104	0.364	0.723	0.076	30	120	65448
4.383	8.044	-1.437	0.459	0.704	0.122	4	104	65460
1.747	6.91	-2.205	0.399	0.391	0.07	4	104	65460
2.513	10.236	-1.386	0.17	0.126	0.119	4	104	65460
5.09	10.49	0.638	0.033	0.054	0.049	4	104	65460
2.596	10.638	-1.126	0.065	0.249	0.195	4	104	65460
1.236	8.692	-2.161	0.135	0.49	0.1	65502	96	65486
2.774	8.501	0.77	0.234	0.515	0.024	65502	96	65486
1.073	10.819	0.123	0.185	0.426	0.021	65502	96	65486
0.271	10.931	0.584	0.019	0.163	0.047	65502	96	65486
0.351	6.64	0.957	0.141	0.03	0.295	65502	96	65486
0.153	7.472	0.97	0.263	0.14	0.411	19	113	65461
2.846	6.572	-3.78	0.332	0.192	0.399	19	113	65461
-4.475	18.062	-2.715	0.122	0.138	0.102	19	113	65461
-6.355	8.303	0.621	0.24	0.257	0.132	19	113	65461
0.077	10.245	-1.389	0.103	0.157	0.13	19	113	65461
-3.09	8.664	-2.092	0.069	0.247	0.094	65533	83	65477
-3.827	12.788	0.141	0.058	0.091	0.053	65533	83	65477
-2.486	7.287	-2.762	0.3	0.181	0.045	65533	83	65477
-2.789	9.348	0.312	0.571	0.202	0.016	65533	83	65477
-1.915	9.795	-1.628	0.541	0.294	0.223	65533	83	65477
-1.813	11.153	-1.23	0.465	0.227	0.316	41	93	65459
0.551	11.589	0.779	0.229	0.091	0.373	41	93	65459
0.393	13.761	1.137	0.209	0.14	0.509	41	93	65459
-3.167	19.612	0.627	0.322	0.087	0.241	41	93	65459
5.276	11.259	-2.614	0.372	0.79	0.099	41	93	65459
4.437	9.113	0.557	0.387	0.826	0.074	18	100	65458
1.174	4.547	-3.269	0.313	0.51	0.039	18	100	65458
4.596	9.656	-1.96	0.062	0.291	0.185	18	100	65458
4.475	10.722	0.901	0.094	0.162	0.062	18	100	65458
2.175	8.876	-2.397	0.063	0.214	0.091	18	100	65458
1.188	9.287	-1.454	0.205	0.475	0.023	65505	101	65499
2.667	10.008	0.677	0.291	0.56	0.105	65505	101	65499
0.22	10.348	-1.164	0.246	0.525	0.073	65505	101	65499
0.09	10.494	0.553	0.182	0.255	0.148	65505	101	65499
0.208	8.194	0.251	0.01	0.066	0.353	65505	101	65499
-2.037	9.332	2.068	0.205	0.057	0.416	17	111	65471
2.865	12.547	-3.545	0.061	0.029	0.344	17	111	65471
-6.585	11.152	-1.592	0.093	0.511	0.262	17	111	65471
-6.853	9.418	0.38	0.334	0.342	0.054	17	111	65471
-1.432	8.61	-2.941	0.146	0.33	0.059	17	111	65471
-4.479	10.594	0.919	0.015	0.187	0.094	13	87	65469
-4.563	7.884	-3.556	0.204	0.133	0.13	13	87	65469
-2.302	8.031	-2.865	0.473	0.399	0.003	13	87	65469
-1.337	12.307	-1.349	0.041	0.497	0.325	13	87	65469
0.122	10.115	-2.096	0.209	0.272	0.384	36	108	65464
0.591	11.02	0.296	0.389	0.005	0.474	36	108	65464
-4.036	7.265	-3.877	0.732	0.028	0.552	36	108	65464
-1.145	13.369	-2.753	0.405	0.472	0.181	36	108	65464
5.043	11.921	0.656	0.537	0.942	0.148	36	108	65464
2.562	9.66	-1.933	0.593	0.676	0.086	25	103	65465
2.755	5.688	-1.601	0.392	0.302	0.038	25	103	65465
2.796	11.009	-1.356	0.049	0.071	0.188	25	103	65465
3.687	8.962	0.615	0.06	0.028	0.038	25	103	65465
2.088	13.224	0.013	0.076	0.256	0.129	25	103	65465
1.414	10.533	-1.662	0.09	0.492	0.045	65508	94	65506
2.649	8.677	0.201	0.134	0.456	0.052	65508	94	65506
1.042	10.281	0.274	0.073	0.283	0.016	65508	94	65506
0.549	9.588	0.347	0.05	0.079	0.107	65508	94	65506
2.185	7.053	0.154	0.041	0.071	0.345	65508	94	65506
1.75	5.631	0.16	0.054	0.18	0.489	65535	115	65499
13.661	6.921	-9.266	0.128	0.304	0.551	65535	115	65499
-3.507	19.612	-1.991	0.667	0.013	0.209	65535	115	65499
-3.703	6.914	-6.313	0.056	0.254	0.502	65535	115	65499
5.082	7.759	0.441	0.09	0.777	0.942	65535	115	65499
1.08	9.155	-3.976	0.033	0.983	-1.078	17	87	65477
0.36	9.858	-3.91	0.097	0.921	-1.471	17	87	65477
-1.777	13.391	-2.85	0.203	0.781	-1.896	17	87	65477
0.399	9.115	-1.187	0.104	0.858	-2.175	17	87	65477
0.031	12.411	-2.534	0.589	0.869	-2.318	17	87	65477
0.398	12.685	0.226	0.981	0.743	-2.391	10	84	65484
0.616	8.145	0.028	-1.155	0.503	-2.387	10	84	65484
0.708	5.167	0.281	-1.277	0.175	-2.324	10	84	65484
-1.775	4.655	0.415	-1.251	0.537	-2.508	10	84	65484
1.252	3.606	0.385	-1.121	0.861	-2.64	34	122	65498
-1.466	1.883	0.305	-1.015	1.298	-2.57	34	122	65498
-5.038	3.347	-1.015	0.797	1.589	-2.518	34	122	65498
-8.439	6.867	-1.12	0.428	1.562	-2.526	34	122	65498
-8.836	7.705	0.357	0.171	1.225	-2.629	34	122	65498
-12.336	10.382	-2.351	0.008	0.838	-2.475	35	145	65495
11.566	-2.58	0.027	0.52	-2.324	35	145	65495	-12.805
6.635	0.319	0.034	0.196	-2.019	35	145	65495	2.823
5.799	2.797	0.015	0.431	-1.524	35	145	65495	-9.492
-8.22	2.589	0.887	0.051	0.16	-1.042	104	144	65480
-8.684	2.923	0.057	0.1	0.127	0.621	104	144	65480
-8.063	2.231	0.894	0.191	0.081	0.487	104	144	65480
-7.138	3.187	0.032	0.079	0.275	0.445	104	144	65480
-7.212	3.74	0.144	0.004	0.5	0.502	118	136	65482
-8.176	1.971	-2.092	0.201	0.577	0.588	118	136	65482
-10.687	4.076	0.434	0.485	0.739	0.88	118	136	65482
-9.519	4.653	0.514	0.344	0.579	0.992	118	136	65482
-9.55	3.669	0.954	0.09	0.436	-1.08	118	136	65482
2.546	-1.338	0.163	0.313	-1.144	105	125	65487	-11.107
3.015	-1.34	0.185	0.203	-1.246	105	125	65487	0.525
4.969	-1.814	0.465	0.192	-1.244	105	125	65487	0.108
2.794	-1.887	0.322	0.25	-1.035	146	134	65472	-9.854
-8.834	3.132	0.791	0.019	0.156	0.561	146	134	65472
-5.307	0.883	-1.948	0.128	0.067	0.342	146	134	65472
-13.67	4.805	0.644	0.274	0.468	0.299	146	134	65472
2.73	0.657	0.282	0.509	0.435	85	133	65489	-13.921
1.881	0.111	0.291	0.469	0.332	85	133	65489	1.258
0.678	-1.647	0.211	0.235	0.068	85	133	65489	-7.528
-9.07	0.636	-2.847	0.069	0.044	0.125	148	134	65450
-8.403	0.295	-1.595	0.164	0.065	0.201	148	134	65450
-9.583	2.559	-1.173	0.107	0.213	0.273	148	134	65450
-8.882	3.907	1.09	0	0.229	0.295	148	134	65450
-10.493	3.247	-2.604	0.083	0.112	0.303	148	134	65450
-9.682	3.312	-1.689	0.215	0.115	0.247	129	131	65457
-9.164	3.341	-2.243	0.431	0.231	0.148	129	131	65457
-8.103	4.908	-1.587	0.468	0.233	0.091	129	131	65457
-8.486	0.76	-1.97	0.409	0.183	0.136	129	131	65457
-9.135	2.75	0.78	0.217	0.134	0.136	129	131	65457
-8.838	3.15	-1.468	0.01	0.054	0.095	128	114	65456
-9.654	1.705	-1.843	0.217	0.137	0.078	128	114	65456
-10.332	1.723	-1.997	0.353	0.259	0.053	128	114	65456
2.929	-1.38	0.403	0.226	0.014	128	114	65456	-9.4
3.211	-1.401	0.386	0.152	0.003	128	114	65456	-8.528
-9.528	1.751	-1.614	0.326	0.02	0.031	136	144	65468
-9.314	2.477	-1.073	0.188	0.002	0.085	136	144	65468
-9.593	2.913	0.897	0.099	0.017	0.139	136	144	65468
-9.093	2.464	-1.064	0.07	0.018	0.163	136	144	65468
-9.275	2.163	-1.037	0.045	0.046	0.158	141	141	65469
-9.496	2.012	-1.033	0	0.036	0.133	141	141	65469
-9.555	2.308	-1.072	0.03	0.031	0.095	141	141	65469
-9.599	2.226	-1.098	0.027	0.056	0.054	141	141	65469
-9.586	2.153	-1.276	0.024	0.088	0.024	141	141	65469
-9.366	2.34	-1.537	0.037	0.112	0.003	147	147	65467
-9.392	2.638	-1.647	0.041	0.128	0.007	147	147	65467
-9.466	2.647	-1.833	0.011	0.12	0.018	147	147	65467
-9.447	2.552	-1.78	0.009	0.08	0.023	147	147	65467
-9.419	2.535	-1.736	0.01	0.051	0.012	147	147	65467
-9.284	2.681	-1.539	0.016	0.034	0.006	140	142	65462
-9.251	2.709	-1.552	0.032	0.025	0.023	140	142	65462
-9.333	2.539	-1.485	0.038	0.022	0.036	140	142	65462
-9.272	2.331	-1.349	0.042	0.025	0.041	140	142	65462
-9.396	2.342	-1.304	0.045	0.045	0.035	140	142	65462
-9.575	2.366	-1.297	0.033	0.069	0.024	141	143	65461
-9.235	2.264	-1.458	0.006	0.08	0	141	143	65461
-9.38	2.455	-1.663	0.011	0.097	0	141	143	65461
3.089	11.103	0.553	0.669	0.09	0.286	21	121	65479
2.291	9.176	-1.047	0.769	0.32	0.167	21	121	65479
1.626	9.522	0.418	0.825	0.541	0.078	21	121	65479
0.371	9.598	-1.717	0.733	0.491	0.064	21	121	65479
1.078	7.607	-2.597	0.672	0.264	0.126	18	112	65486
0.995	6.027	1.45	0.52	0.19	0.292	18	112	65486
0.355	4.785	0.949	0.211	0.17	0.456	18	112	65486
3.325	16.523	-5.652	0.299	0.08	0.508	18	112	65486
-8.323	15.002	-2.129	0.041	0.535	0.063	18	112	65486
-3.071	4.649	0.752	0.568	0.479	0.221	65507	105	65491
-1.137	6.937	-3.39	0.2	0.579	0.22	65507	105	65491
-5.653	13.302	-1.459	0.208	0.319	0.172	65507	105	65491
-3.004	7.135	-3.442	0.272	0.073	0.117	65507	105	65491
-2.707	10.929	0.098	0.482	0.472	0.195	65507	105	65491
-1.857	9.46	-1.521	0.063	0.683	0.022	20	112	65468
-4.341	10.862	-2.476	0.129	0.644	0.209	20	112	65468
-3.78	7.448	-1.78	0.351	0.498	0.29	20	112	65468
1.329	7.234	0.676	0.623	0.423	0.406	20	112	65468
0.383	-4.686	-1.083	0.142	0.411	20	112	65468	-3.244
10.863	-3.654	0.673	0.09	0.027	21	107	65463	4.396
2.233	5.779	-1.556	0.674	0.62	0.295	21	107	65463
2.63	7.747	0.392	0.307	0.332	0.213	21	107	65463
3.708	9.75	-1.058	0.027	0.045	0.119	21	107	65463
1.108	12.47	0.062	0.269	0.126	0.393	33	121	65467
1.339	11.251	0.386	0.386	0.215	0.296	33	121	65467
1.588	10.439	0.378	0.386	0.403	0.154	33	121	65467
0.359	11.547	0.423	0.301	0.437	0.148	33	121	65467
1.138	9.967	-1.52	0.177	0.265	0.019	33	121	65467
0.318	7.431	0.119	0.017	0.12	0.249	38	108	65462
0.448	3.409	0.378	0.085	0.064	0.34	38	108	65462
0.628	6.691	-1.393	0.209	0.147	0.465	38	108	65462
6.496	19.612	-2.14	0.048	0.301	0.436	38	108	65462
-3.918	11.67	2.728	0.073	0.182	0.009	38	108	65462
-3.631	4.164	-3.104	0.588	0.061	0.235	65521	107	65481
-2.243	7.541	-1.942	0.112	0.177	0.245	65521	107	65481
-4.091	11.043	-1.528	0.07	0.102	0.157	65521	107	65481
-3.532	7.726	-4.042	0.102	0.066	0.214	65521	107	65481
-2.651	8.287	0.159	0.278	0.17	0.205	65521	107	65481
-1.941	10.487	0.319	0.128	0.299	0.015	39	101	65459
-3.197	10.391	-1.492	0.055	0.287	0.17	39	101	65459
-1.758	9.731	0.532	0.202	0.192	0.215	39	101	65459
0.502	12.157	2.984	0.454	0.048	0.255	39	101	65459
-1.884	9.864	0.268	0.804	0.384	0.129	39	101	65459
0.302	11.544	-3.712	0.669	0.086	0.007	27	95	65475
4.532	10.32	0.019	0.26	0.62	0.138	27	95	65475
2.36	6.891	0.339	0.096	0.56	0.251	27	95	65475
1.824	9.066	0.47	0.008	0.172	0.111	27	95	65475
2.846	12.082	0.399	0.229	0.198	0.206	27	95	65475
0.989	11.872	0.808	0.494	0.036	0.261	38	104	65468
1.2	10.832	-1.023	0.572	0.306	0.155	38	104	65468
2.069	10.584	0.271	0.652	0.442	0.064	38	104	65468
0.156	11.105	0.173	0.616	0.496	0.067	38	104	65468
0.949	12.15	-1.231	0.442	0.352	0.086	38	104	65468
0.424	6.892	0.468	0.313	0.223	0.287	22	120	65480
0.76	4.475	0.089	0.106	0.039	0.421	22	120	65480
0.899	19.612	-6.532	0.056	0.151	0.508	22	120	65480
-7.096	15.052	-1.321	0.259	0.33	0.029	22	120	65480
-5.251	7.693	-1.146	0.534	0.335	0.116	22	120	65480
-1.855	6.281	-2.659	0.297	0.427	0.139	21	89	65455
-4.161	10.289	-2.042	0.009	0.252	0.128	21	89	65455
-3.997	10.779	-2.682	0.178	0.055	0.079	21	89	65455
-2.387	11.241	0.602	0.545	0.354	0.15	21	89	65455
-2.181	8.224	0.286	0.25	0.602	0.011	21	89	65455
-2.704	11.613	-2.741	0.081	0.639	0.181	17	117	65477
-1.538	10.267	0.27	0.129	0.421	0.29	17	117	65477
1.777	15.324	2.4	0.266	0.203	0.415	17	117	65477
-8.799	4.978	-2.887	0.846	0.243	0.399	17	117	65477
0.916	12.041	-3.276	0.559	0.097	0.051	17	117	65477
3.52	13.569	0.916	0.248	0.507	0.032	9	105	65467
0.081	8.124	-1.264	0.607	0.704	0.228	9	105	65467
4.027	6.46	0.725	0.284	0.446	0.218	9	105	65467
3.975	11.672	-1.09	0.023	0.027	0.064	9	105	65467
2.202	8.734	-1.496	0.137	0.095	0.316	9	105	65467
2.325	10.624	0.645	0.167	0.285	0.282	44	106	65468
1.493	8.841	-1.009	0.204	0.466	0.116	44	106	65468
1.453	9.996	0.529	0.188	0.441	0.079	44	106	65468
0.148	10.439	-1.321	0.094	0.29	0.019	44	106	65468
1.466	6.884	0.575	0.004	0.074	0.211	44	106	65468
0.019	3.945	0.349	0.167	0.067	0.331	65523	125	65497
-1.017	7.256	0.193	0.31	0.184	0.43	65523	125	65497
-2.385	19.612	-1.632	0.251	0.36	0.448	65523	125	65497
-7.366	18.017	3.41	0.003	0.13	0.037	65523	125	65497
-3.621	5.768	-1.593	0.495	0.179	0.18	65523	125	65497
0.919	9.597	0.59	0.12	0.125	0.231	34	98	65468
-4.163	10.946	-2.138	0.108	0.109	0.154	34	98	65468
-3.752	13.747	1.11	0.103	0.014	0.198	34	98	65468
-2.839	8.593	0.45	0.292	0.14	0.204	34	98	65468
-2.232	10.113	-1.042	0.267	0.215	0.027	34	98	65468
-3.924	10.497	-1.049	0.215	0.229	0.107	12	108	65480
-1.57	10.714	0.6	0.079	0.208	0.154	12	108	65480
1.683	8.543	0.29	0.207	0.001	0.265	12	108	65480
-2.996	5.243	-1.571	0.578	0.385	0.174	12	108	65480
-1.091	14.621	-2.36	0.518	0.122	0.043	12	108	65480
3.163	9.297	0.241	0.237	0.585	0.006	17	103	65477
2.614	8.194	0.848	0.191	0.74	0.23	17	103	65477
2.339	7.285	0.887	0.094	0.228	0.073	17	103	65477
4.517	11.164	-1.34	0.192	0.089	0.067	17	103	65477
0.681	10.508	0.907	0.351	0.145	0.225	17	103	65477
1.667	9.904	-1.24	0.437	0.294	0.097	32	98	65482
1.496	10.949	0.257	0.473	0.45	0.018	32	98	65482
0.01	9.8	0.788	0.398	0.482	0.017	32	98	65482
0.739	10.324	-1.75	0.35	0.287	0.133	32	98	65482
0.393	5.743	0.424	0.332	0.176	0.252	32	98	65482
0.082	6.264	0.736	0.175	0.042	0.311	65524	114	65498
5.784	11.063	-6.605	0.019	0.22	0.371	65524	114	65498
-6.907	16.649	0.553	0.34	0.348	0.14	65524	114	65498
-3.816	8.212	-2.081	0.186	0.317	0.081	65524	114	65498
-1.891	10.058	-3.618	0.027	0.378	0.036	65524	114	65498
-1.82	6.585	-2.768	0.084	0.09	0.14	13	113	65477
-1.152	8.927	-4.181	0.305	0.328	0.197	13	113	65477
0.451	10.468	-2.068	0.543	0.716	0.385	13	113	65477
2.117	10.247	-1.051	0.354	0.981	0.462	13	113	65477
1.683	12.593	-3.751	0.079	0.914	0.6	13	113	65477
2.029	11.53	-2.737	0.17	0.755	0.717	65529	105	65485
2.197	10.223	-1.314	0.43	0.551	0.822	65529	105	65485
3.835	8.835	-1.161	0.944	0.368	-1.025	65529	105	65485
2.542	6.989	-1.619	-1.248	0.127	-1.276	65529	105	65485
3.671	5.274	-1.924	-1.298	0.08	-1.586	65529	105	65485
1.969	7.474	-2.124	-1.166	0.299	-1.752	35	119	65469
0.106	8.226	0.645	0.938	0.435	-1.958	35	119	65469
-1.823	9.21	0.356	0.801	0.428	-2.162	35	119	65469
-2.773	10.844	0.654	0.671	0.361	-2.318	35	119	65469
-4.437	15.85	1.069	0.49	0.321	-2.396	35	119	65469
-7.103	15.119	0.243	0.572	0.202	-2.234	39	125	65483
-4.151	10.617	0.377	0.62	0.048	-2.004	39	125	65483
-6.302	6.49	0.122	0.545	0.14	-1.689	39	125	65483
-5.157	9.497	4.141	0.137	0.32	-1.585	39	125	65483
-5.045	3.736	3.786	0.086	0.563	-1.591	39	125	65483
-6.538	2.023	-1.555	0.271	0.709	-1.416	39	123	65503
-6.221	2.477	0.128	0.252	0.707	-1.137	39	123	65503
-6.991	4.162	0.323	0.213	0.697	0.824	39	123	65503
-8.939	5.585	0.314	0.111	0.74	0.628	39	123	65503
-7.472	4.914	0.913	0.027	0.667	0.591	39	123	65503
-8.494	4.299	-2.9	0.042	0.508	0.505	61	137	65497
-7.444	8.049	0.22	0.26	0.243	0.563	61	137	65497
-7.128	6.575	0.773	0.383	0.101	0.584	61	137	65497
-8.546	8.567	1.066	0.479	0.13	0.543	61	137	65497
-16.218	5.699	-1.028	0.099	0.138	-1.256	61	137	65497
-2.375	8.213	-1.953	0.282	0.619	-1.938	118	126	65470
-4.791	7.492	2.479	0.223	0.902	-1.531	118	126	65470
-9.817	5.274	0.404	0.01	0.806	-1.337	118	126	65470
-6.819	4.55	0.894	0.103	0.718	-1.429	118	126	65470
-5.671	4.021	0.931	0.203	0.592	-1.281	118	126	65470
-7.623	4.46	0.852	0.222	0.334	0.892	69	135	65483
-7.098	4.77	-1.04	0.195	0.209	0.686	69	135	65483
-6.891	6.606	0.786	0.105	0.019	0.64	69	135	65483
12.533	0.888	0.046	0.262	0.513	69	135	65483	-11.662
15.924	0.067	0.17	0.197	0.334	69	135	65483	12.684
5.113	0.137	0.576	0.326	0.032	77	135	65485	-6.084
-8.249	4.953	1.304	0.625	0.554	0.279	77	135	65485
-7.407	1.675	0.901	0.695	0.292	0.433	77	135	65485
-7.868	2.159	0.338	0.673	0.213	0.596	84	132	65482
-7.135	3.059	0.954	0.685	0.16	0.837	84	132	65482
-10.727	3.841	-2.091	0.582	0.162	0.845	84	132	65482
3.512	-1.708	0.401	0.036	0.918	84	132	65482	-10.465
1.898	-2.076	0.246	0.006	0.887	84	132	65482	-8.493
-9.156	5.081	0.21	0.088	0.191	0.707	112	132	65458
-8.637	3.335	0.415	0.03	0.224	0.684	112	132	65458
-7.945	2.8	0.013	0.226	0.16	0.627	112	132	65458
-8.871	1.91	0.547	0.342	0.031	0.509	112	132	65458
-8.507	3.075	0.311	0.438	0.172	0.503	106	142	65452
-9.461	3.9	0.262	0.481	0.298	0.542	106	142	65452
-10.188	3.441	0.521	0.542	0.394	0.592	106	142	65452
2.086	0.257	0.684	0.239	0.559	106	142	65452	-9.758
2.853	0.208	0.612	0.121	0.496	106	142	65452	2.655
2.296	0.143	0.352	0.059	0.494	135	157	65439	2.228
2.114	0.641	0.192	0.065	0.427	135	157	65439	-8.944
-8.78	2.305	0.132	0.035	0.077	0.278	139	145	65433
-9.306	2.628	0.456	0.045	0.078	0.22	139	145	65433
-9.934	1.727	0.122	0.116	0.171	0.131	139	145	65433
-9.916	1.85	0.365	0.083	0.161	0.037	139	145	65433
-9.625	2.505	0.289	0.011	0.184	0.026	139	145	65433
-9.431	2.724	0.628	0.06	0.248	0.057	141	143	65429
-9.886	2.266	0.262	0.128	0.271	0.102	141	143	65429
-9.467	2.375	0.283	0.041	0.188	0.137	141	143	65429
-9.757	2.954	0.389	0.077	0.085	0.168	141	143	65429
-8.929	3.301	0.381	0.086	0.017	0.169	141	143	65429
-9.392	2.9	0.414	0.068	0.012	0.146	142	144	65420
-9.458	3.169	0.507	0.098	0.064	0.096	142	144	65420
-9.514	3.362	0.253	0.133	0.123	0.059	142	144	65420
-9.113	3.411	0.016	0.126	0.179	0.033	142	144	65420
-8.717	3.234	0.108	0.11	0.164	0.004	142	144	65420
-8.188	1.431	0.074	0.097	0.076	0.04	138	150	65424
-8.684	2.427	0.164	0.073	0.029	0.096	138	150	65424
3.555	0.087	0.05	0.082	0.095	138	150	65424	-9.755
3.04	0.108	0.017	0.054	0.057	138	150	65424	-9.422
-9.656	2.551	0.041	0.042	0.052	0.006	132	144	65428
-9.604	2.572	0.011	0.029	0.051	0.023	132	144	65428
-9.654	2.667	0.073	0.015	0.034	0.035	132	144	65428
-9.174	2.827	0.123	0.039	0.013	0.047	132	144	65428
-9.138	2.632	0.199	0.037	0.035	0.048	132	144	65428
-9.489	2.997	0.019	0.045	0.059	0.044	131	147	65433
-9.343	2.923	0.197	0.048	0.04	0.041	131	147	65433
-9.324	2.968	0.047	0.061	0.042	0.037	131	147	65433
-9.398	3.04	0.207	0.054	0.045	0.034	131	147	65433
-9.278	3.04	0.178	0.04	0.029	0.031	131	147	65433
-9.079	3.183	0.238	0.042	0.039	0.022	120	146	65438
-9.273	3.122	0.333	0.037	0.053	0.009	120	146	65438
-9.345	3.108	0.414	0.014	0.046	0.002	120	146	65438
-9.34	3.116	0.274	0.013	0.046	0.01	120	146	65438
-9.392	3.072	0.441	0.03	0.056	0.012	120	146	65438
-9.477	3.007	0.33	0.041	0.052	0.011	123	149	65441
-9.393	2.844	0.299	0.059	0.022	0.009	123	149	65441
-9.478	2.896	0.298	0.062	0.007	0.004	123	149	65441
-9.489	2.92	0.258	0.051	0.01	0.002	123	149	65441
-9.413	2.828	0.198	0.043	0.013	0.003	123	149	65441
-9.439	2.835	0.232	0.03	0.006	0.01	119	145	65435
-9.376	2.95	0.203	0.011	0.016	0.015	119	145	65435
-9.248	3.108	0.11	0.006	0.026	0.015	119	145	65435
-9.196	3.021	0.174	0.024	0	0.011	119	145	65435
-9.252	2.932	0.136	0.04	0.041	0.008	119	145	65435
-9.404	3.025	0.284	0.037	0.027	0.003	119	143	65431
-9.354	2.997	0.305	0.036	0.003	0	119	143	65431
-9.332	2.869	0.312	0.042	0.002	0.002	119	143	65431
-9.422	2.831	0.214	0.038	0.013	0.006	119	143	65431
-9.57	2.861	0.215	0.031	0.015	0.004	116	142	65434
-9.418	2.923	0.207	0.03	0	0.006	116	142	65434
-9.315	2.912	0.204	0.025	0.011	0.011	116	142	65434
-9.253	2.942	0.215	0.02	0	0.009	116	142	65434
-9.447	2.93	0.26	0.026	0.016	0.008	116	142	65434
-9.441	2.944	0.274	0.03	0.014	0.014	118	140	65434
-9.33	2.918	0.201	0.025	0	0.016	118	140	65434
-9.267	3.005	0.269	0.022	0.002	0.014	118	140	65434
-9.374	2.997	0.243	0.029	0.008	0.01	118	140	65434
-9.401	2.995	0.258	0.037	0.006	0.011	118	140	65434
-9.391	2.906	0.226	0.032	0	0.012	123	135	65435
-9.352	2.916	0.184	0.027	0.001	0.01	123	135	65435
-9.378	2.966	0.149	0.032	0.008	0.009	123	135	65435
-9.483	2.953	0.307	0.035	0.009	0.014	123	135	65435
-9.427	2.996	0.181	0.028	0	0.017	123	135	65435
-9.124	2.968	0.198	0.027	0.005	0.017	122	134	65434
-9.422	3.007	0.106	0.03	0.013	0.018	122	134	65434
-9.472	2.989	0.239	0.029	0.02	0.019	122	134	65434
-9.38	2.986	0.231	0.021	0.011	0.018	122	134	65434
-9.249	2.938	0.276	0.015	0.004	0.017	122	134	65434
-9.312	2.967	0.359	0.022	0.006	0.016	124	140	65430
-9.315	3.044	0.282	0.025	0.008	0.014	124	140	65430
-9.439	3.1	0.343	0.026	0.006	0.011	124	140	65430
-9.39	2.941	0.311	0.032	0.006	0.009	124	140	65430
-9.405	2.88	0.253	0.041	0.017	0.012	124	140	65430
-2.443	9.17	-2.912	0.143	0.045	0.263	12	102	65440
-3.591	8.201	0.422	0.283	0.17	0.315	12	114	65444
-2.134	9.601	0.371	0.169	0.322	0.089	12	114	65444
-3.241	9.724	-1.806	0.015	0.344	0.142	12	114	65444
-1.96	10.256	0.603	0.105	0.209	0.158	12	114	65444
1.091	7.793	0.196	0.338	0.062	0.295	12	114	65444
1.735	5.85	1.115	0.639	0.319	0.3	6	114	65454
0.487	12.914	-4.619	0.84	0.518	0.017	6	114	65454
-1.695	11.96	0.502	0.271	0.071	0.021	6	114	65454
0.609	8.269	0.201	0.237	0.63	0.281	6	114	65454
1.27	7.979	0.778	0.008	0.407	0.226	6	114	65454
3.884	12.451	0.857	0.088	0.192	0.148	65531	101	65455
2.565	11.301	0.731	0.392	0.101	0.323	65531	101	65455
2.005	9.864	0.423	0.62	0.154	0.231	65531	101	65455
2.882	8.987	0.949	0.606	0.388	0.078	65531	101	65455
1.637	9.613	0.523	0.527	0.457	0.048	65531	101	65455
1.394	9.485	-1.891	0.41	0.34	0.068	6	100	65450
0.608	5.644	0.913	0.293	0.302	0.3	6	100	65450
-1.012	5.206	0.48	0.122	0.09	0.401	6	100	65450
1.91	18.746	-6.129	0.011	0.21	0.398	6	100	65450
-4.556	13.652	-1.748	0.231	0.184	0.107	6	100	65450
-2.736	6.738	-2.316	0.4	0.2	0.136	65504	114	65464
0.593	8.104	0.875	0.17	0.275	0.264	65504	114	65464
-5.491	11.244	-3.568	0.036	0.241	0.161	65504	114	65464
-4.426	6.448	-4.532	0.226	0	0.194	65504	114	65464
-3.453	10.031	0.767	0.508	0.181	0.294	65504	114	65464
-2.418	9.472	0.744	0.384	0.273	0.141	65529	113	65457
-2.716	11.106	-2.176	0.067	0.367	0.056	65529	113	65457
-2.41	11.431	0.644	0.016	0.26	0.112	65529	113	65457
0.699	5.436	0.727	0.33	0.136	0.296	65529	113	65457
0.928	6.392	0.026	0.531	0.026	0.443	65529	113	65457
-1.575	9.607	-4.601	0.866	0.294	0.284	6	106	65448
4.381	13.236	-1.339	0.186	0.206	0.041	6	106	65448
2.485	5.09	-1.54	0.647	0.657	0.203	6	106	65448
0.102	8.876	-1.563	0.42	0.569	0.269	6	106	65448
3.739	9.989	0.676	0.036	0.344	0.05	6	106	65448
2.898	12.642	0.421	0.143	0.12	0.19	65532	106	65446
2	10.305	0.234	0.099	0.143	0.203	65532	106	65446
1.969	7.952	-2.424	0.103	0.332	0.041	65532	106	65446
2.419	8.367	0.501	0.168	0.39	0.03	65532	106	65446
0.575	9.612	0.488	0.072	0.15	0.199	65529	123	65459
0.56	6.995	0.812	0.115	0.01	0.366	65529	123	65459
-2.693	8.895	1.376	0.318	0.278	0.399	65529	123	65459
0.301	13.873	-7.629	0.253	0.231	0.051	65529	123	65459
-6.479	6.166	0.246	0.01	0.357	0.187	65529	123	65459
0.363	7.213	0.409	0.266	0.118	0.084	65511	93	65461
-2.215	9.078	-1.637	0.075	0.152	0.118	65511	93	65461
-5.609	9.86	-2.159	0.014	0.142	0.042	65511	93	65461
-4.054	8.05	-2.942	0.218	0.071	0.146	65511	93	65461
-2.762	10.582	0.067	0.494	0.164	0.089	65511	93	65461
-2.604	9.759	-2.026	0.403	0.215	0.125	65511	91	65463
-3.374	10.17	-1.975	0.387	0.182	0.211	65511	91	65463
-1.077	10.148	0.193	0.15	0.143	0.301	65511	91	65463
0.336	15.229	3.008	0.15	0.006	0.497	65511	91	65463
-7.273	7.39	-3.375	0.583	0.331	0.369	65511	91	65463
0.707	14.456	-3.441	0.277	0.278	0.023	13	101	65445
5.937	10.649	1.442	0.286	0.738	0.015	13	101	65445
1.55	7.364	-3.27	0.296	0.502	0.188	13	101	65445
1.525	8.052	-1.097	0.12	0.314	0.042	13	101	65445
5.596	11.862	0.7	0.151	0.282	0.033	13	101	65445
2.638	8.747	-1.144	0.108	0.09	0.248	65531	99	65457
1.796	9.452	-1.495	0.12	0.396	0.147	65531	99	65457
1.51	10.838	0.226	0.245	0.463	0.021	65531	99	65457
1.659	9.582	0.642	0.201	0.403	0.059	65531	99	65457
0.453	10.069	0.725	0.155	0.166	0.082	65531	99	65457
1.176	6.994	0.215	0.076	0.003	0.252	12	110	65450
0.7	5.974	0.769	0.006	0.131	0.348	12	110	65450
2.439	10.448	-4.35	0.052	0.233	0.416	12	110	65450
-3.28	17.275	-3.494	0.319	0.057	0.043	12	110	65450
-6.921	7.815	-1.562	0.045	0.169	0.028	12	110	65450
-2.232	5.297	-4.988	0.282	0.171	0.185	65509	93	65477
-3.719	6.928	-3.4	0.037	0.051	0.149	65509	93	65477
-3.113	10.265	-2.596	0.116	0.313	0.104	65509	93	65477
0.9	12.682	-1.671	0.331	0.77	0.266	65509	93	65477
0.611	9.926	0.754	0.55	0.816	0.316	65509	93	65477
1.474	10.959	-2.718	0.386	0.969	0.406	65530	110	65448
3.517	13.085	-2.164	0.13	0.954	0.543	65530	110	65448
3.715	10.267	0.774	0.447	0.686	0.76	65530	110	65448
5.206	8.643	0.525	0.787	0.563	-1.124	65530	110	65448
4.463	7.793	0.79	0.956	0.269	-1.539	65535	105	65461
2.419	8.172	-1.747	0.841	0.036	-1.817	65535	105	65461
0.582	9.996	0.566	0.623	0.217	-2.115	65535	105	65461
0.909	11.064	0.622	0.523	0.036	-2.468	65535	105	65461
2.175	6.993	-1.655	0.425	0.044	-2.643	65535	105	65461
-2.839	13.464	0.172	0.166	0.272	-2.798	11	113	65469
-4.807	16.777	0.243	0.052	0.311	-2.887	11	113	65469
-4.575	13.093	0.441	0.16	0.287	-2.739	11	113	65469
-4.089	5.106	-1.055	0.31	0.182	-2.353	11	113	65469
-6.289	3.979	0.336	0.249	0.361	-2.137	11	113	65469
-6.952	2.045	1.838	0.12	0.387	-2.122	27	139	65477
-5.006	6.475	0.458	0.015	0.316	-1.956	27	139	65477
-6.136	3.462	0.24	0.003	0.447	-1.497	27	139	65477
-8.372	4.525	0.713	0.132	0.607	-1.1	27	139	65477
-9.631	5.268	0.477	0.201	0.747	0.86	27	139	65477
-6.843	4.63	0.781	0.152	0.77	0.686	68	142	65470
-11.709	3.448	-2.639	0.033	0.684	0.423	68	142	65470
-5.971	0.302	-2.811	0.266	0.095	0.374	68	142	65470
-9.354	4.766	-1.253	0.412	0.114	0.465	68	142	65470
2.962	-2.627	0.335	0.139	0.512	68	142	65470	-12.162
5.754	0.671	0.027	0.067	0.759	105	131	65459	5.555
6.609	0.177	0.203	0.949	-2.005	105	131	65459	-5.1
-7.668	4.612	-1.51	0.056	0.548	-1.757	105	131	65459
-6.306	4.508	0.718	0.075	0.367	-1.695	92	148	65466
-4.678	3.588	0.669	0.205	0.063	-1.629	92	148	65466
-7.401	2.424	-2.941	0.165	0.387	-1.504	92	148	65466
-6.451	1.146	-2.506	0.121	0.665	-1.335	92	148	65466
4.559	-2.018	0.388	1.002	-1.014	92	148	65466	-11.841
2.686	-2.348	0.505	0.887	0.964	86	130	65478	6.312
9.388	-1.207	0.174	0.582	0.772	86	130	65478	3.541
2.907	-1.671	0.346	0.02	0.875	86	130	65478	0.286
0.412	-1.926	0.619	0.154	0.902	136	130	65438	-9.576
-11.288	1.347	-1.68	0.451	0.408	0.717	136	130	65438
-9.313	3.612	-1.277	0.428	0.258	0.63	136	130	65438
-9.319	1.599	-2.914	0.451	0.172	0.506	135	131	65437
-8.802	-2.835	-3.427	0.306	0.173	0.367	135	131	65437
-9.188	1.349	-2.094	0.096	0.08	0.212	135	131	65437
-8.06	1.687	0.512	0.024	0.047	0.115	135	131	65437
-12.926	1.474	-2.517	0.072	0.02	0.134	135	131	65437
-9.63	1.872	0.44	0.106	0.102	0.261	111	111	65449
-10.471	1.491	-1.246	0.231	0.261	0.128	111	111	65449
-9.749	0.484	-1.386	0.237	0.32	0.068	111	111	65449
-8.389	1.151	-1.452	0.139	0.254	0.101	111	111	65449
-7.504	1.31	-2.5	0.124	0.206	0.088	111	111	65449
-8.719	2.109	-2.178	0.008	0.332	0.057	140	128	65438
1.716	-2.138	0.102	0.322	0.05	140	128	65438	-10.735
0.524	-3.193	0.289	0.079	0.02	140	128	65438	1.789
2.807	-2.518	0.386	0.243	0.036	140	128	65438	-8.783
-8.959	2.224	-2.568	0.235	0.084	0.073	138	132	65438
-9.446	2.434	-2.556	0.174	0.048	0.114	138	132	65438
-9.627	1.613	-2.323	0.055	0.018	0.17	138	132	65438
-9.789	2.452	-2.461	0.009	0	0.217	138	132	65438
-9.281	2.76	-2.124	0.045	0.041	0.218	139	133	65437
-8.866	3.01	-2.104	0.074	0.068	0.179	139	133	65437
-8.413	2.655	-2.26	0.087	0.044	0.126	139	133	65437
-8.895	2.707	-2.033	0.028	0.005	0.071	139	133	65437
-9.16	2.91	-2.212	0.003	0.017	0.008	139	133	65437
-9.156	2.814	-2.311	0.029	0.031	0.034	137	129	65441
-9.076	2.616	-2.148	0.079	0.058	0.061	137	129	65441
-9.152	2.203	-1.948	0.106	0.067	0.071	137	129	65441
-9.263	2.288	-1.879	0.091	0.076	0.067	137	129	65441
-9.427	2.427	-1.871	0.063	0.091	0.047	137	129	65441
-9.417	2.402	-2.163	0.057	0.105	0.032	143	127	65437
-9.43	2.313	-2.412	0.063	0.131	0.023	143	127	65437
-9.254	2.286	-2.482	0.07	0.135	0.018	143	127	65437
-9.315	2.432	-2.523	0.061	0.106	0.021	143	127	65437
-9.296	2.487	-2.5	0.055	0.065	0.028	143	127	65437
-9.338	2.345	-2.382	0.057	0.039	0.032	137	127	65435
-9.437	2.214	-2.261	0.055	0.02	0.029	137	127	65435
-9.321	2.194	-2.274	0.039	0.001	0.023	137	127	65435
-9.242	2.313	-2.177	0.026	0.003	0.013	137	127	65435
-9.248	2.149	-2.169	0.025	0.016	0.001	137	127	65435
-9.417	2.281	-2.324	0.006	0.032	0.009	137	125	65439
-9.44	2.376	-2.365	0.001	0.009	0.018	137	125	65439
-9.119	2.481	-2.425	0.01	0.005	0.021	137	125	65439
-9.273	2.403	-2.309	0.015	0.013	0.014	137	125	65439
-9.145	2.464	-2.352	0.022	0.009	0.003	137	125	65439
-9.301	2.494	-2.315	0.037	0.004	0.003	140	124	65442
-9.19	2.397	-2.258	0.047	0.011	0.004	140	124	65442
-9.095	2.233	-2.214	0.048	0.004	0.003	140	124	65442
-9.187	2.188	-2.264	0.046	0.032	0.005	140	124	65442
-9.401	2.308	-2.284	0.037	0.047	0.007	140	124	65442
-9.422	2.44	-2.361	0.031	0.022	0.005	138	120	65440
-9.085	2.319	-2.299	0.028	0.001	0.001	138	120	65440
-9.197	2.24	-2.281	0.018	0.011	0.001	138	120	65440
-9.322	2.365	-2.358	0.016	0.036	0.008	138	120	65440
-9.439	2.426	-2.37	0.028	0.033	0.01	138	120	65440
-9.215	2.352	-2.349	0.039	0.005	0.008	141	121	65449
-9.205	2.297	-2.217	0.039	0.007	0.008	141	121	65449
-9.239	2.322	-2.293	0.038	0.021	0.009	141	121	65449
-9.396	2.306	-2.246	0.033	0.024	0.008	141	121	65449
-9.253	2.29	-2.275	0.024	0.012	0.005	141	121	65449
-9.191	2.209	-2.371	0.011	0.018	0.003	139	119	65449
-9.328	2.298	-2.392	0.005	0.03	0.005	139	119	65449
-9.386	2.426	-2.397	0.019	0.019	0.002	139	119	65449
-9.24	2.359	-2.391	0.032	0	0.002	139	119	65449
-9.174	2.202	-2.294	0.031	0.001	0.001	139	119	65449
-9.287	2.255	-2.303	0.033	0.011	0	133	119	65453
-9.296	2.377	-2.358	0.032	0.013	0.001	133	119	65453
-9.306	2.365	-2.355	0.028	0.008	0	133	119	65453
-9.131	2.203	-2.293	0.026	0.005	0.001	133	119	65453
0.075	8.316	1.795	0.46	0.101	0.32	15	91	65441
-2.293	13.213	0.628	0.803	0.433	0.223	15	91	65441
-2.653	18.072	0.52	0.591	0.192	0.013	15	91	65441
4.053	8.001	-2.033	0.052	0.496	0.13	65522	98	65448
2.201	9.417	1.029	0.066	0.443	0.274	65522	98	65448
3.102	11.431	0.319	0.083	0.18	0.191	65522	98	65448
1.455	13.227	0.295	0.365	0.024	0.255	65522	98	65448
2.718	8.938	-1.297	0.477	0.205	0.138	65533	91	65451
2.606	9.984	0.169	0.437	0.345	0.025	65533	91	65451
1.574	9.161	-1.408	0.328	0.414	0.003	65533	91	65451
1.801	11.307	0.825	0.249	0.296	0.132	65533	91	65451
-1.036	5.668	0.138	0.179	0.252	0.303	65533	91	65451
-2.045	6.556	0.502	0.001	0.048	0.46	65504	90	65472
1.139	19.612	-1.824	0.153	0.334	0.413	65504	90	65472
-5.755	16.826	0.247	0.047	0.119	0.088	65504	90	65472
-4.748	4.062	-2.614	0.359	0.249	0.115	65504	90	65472
0.656	9.059	-1.729	0.127	0.267	0.229	65504	90	65472
-4.602	10.945	-2.242	0.053	0.296	0.154	6	90	65452
-2.784	7.145	-2.035	0.194	0.145	0.19	6	90	65452
-1.788	9.697	-1.635	0.386	0.021	0.219	6	90	65452
-2.855	9.6	0.272	0.341	0.154	0.022	6	90	65452
-3.007	10.648	-1.35	0.138	0.341	0.19	6	90	65452
-1.055	11.006	0.902	0.115	0.295	0.211	20	98	65438
0.102	8.206	0.201	0.178	0.17	0.395	20	98	65438
-1.004	14.592	4.493	0.301	0.078	0.47	20	98	65438
-2.591	19.612	0.683	0.524	0.234	0.135	20	98	65438
0.92	12.642	1.45	0.278	0.323	0.096	20	98	65438
3.122	9.337	0.237	0.348	0.638	0.144	12	88	65444
0.308	7.41	-2.044	0.261	0.362	0.211	12	88	65444
3.974	12.194	0.806	0.004	0.229	0.062	12	88	65444
2.489	10.049	0.676	0.155	0.035	0.25	12	88	65444
1.213	9.7	-1.027	0.203	0.211	0.248	12	88	65444
1.519	9.761	0.723	0.281	0.361	0.069	65528	82	65448
1.632	9.883	0.91	0.235	0.446	0.023	65528	82	65448
0.557	10.569	-1.3	0.176	0.356	0.007	65528	82	65448
0.404	7.825	0.214	0.1	0.205	0.248	65528	82	65448
-1.377	3.782	0.999	0.064	0.045	0.389	65528	82	65448
-2.027	9.429	0.001	0.282	0.269	0.427	65518	76	65454
1.544	18.461	-3.4	0.31	0.31	0.134	65518	76	65454
-5.225	9.24	2.124	0.155	0.24	0.117	65518	76	65454
-1.781	9.131	0.098	0.432	0.217	0.156	65518	76	65454
-2.75	10.852	0.964	0.141	0.215	0.161	65518	76	65454
-5.343	10.444	-2.075	0.108	0.254	0.069	65533	91	65463
-4.386	9.212	-1.607	0.159	0.086	0.16	65533	91	65463
-2.267	10.032	0.476	0.369	0.055	0.141	65533	91	65463
-4.159	9.288	-1.115	0.309	0.123	0.103	65533	91	65463
-3.13	9.795	-1.701	0.224	0.278	0.219	65533	91	65463
-1.246	9.534	0.63	0.068	0.283	0.261	18	102	65444
0.53	8.397	0.124	0.194	0.081	0.406	18	102	65444
-2.821	5.718	-2.483	0.485	0.296	0.264	18	102	65444
1.699	14.544	-2.047	0.233	0.071	0.002	18	102	65444
4.423	9.674	0	0.13	0.557	0.041	18	102	65444
2.228	7.972	-1.283	0.155	0.474	0.198	2	82	65452
1.377	9.264	-1.272	0.134	0.215	0.072	2	82	65452
4.376	13.12	0.393	0.115	0.229	0.119	2	82	65452
1.638	10.351	-1.64	0.236	0.083	0.293	2	82	65452
1.91	9.895	-1.179	0.317	0.275	0.182	2	82	65452
2.189	10.625	0.087	0.331	0.439	0.027	65510	90	65468
0.614	10.605	-1.09	0.244	0.493	0.02	65510	90	65468
0.278	11.044	0.605	0.201	0.338	0.117	65510	90	65468
0.016	7.114	0.239	0.093	0.16	0.3	65510	90	65468
0.659	5.628	0.615	0.03	0.06	0.399	65510	90	65468
0.197	18.043	2.519	0.201	0.311	0.482	65521	85	65453
-1.405	16.395	-3.031	0.045	0.023	0.038	65521	85	65453
-6.185	8.938	0.767	0.232	0.252	0.082	65521	85	65453
0.961	7.291	-2.521	0.318	0.219	0.128	65521	85	65453
-4.135	7.621	-3.485	0.066	0.329	0.126	65521	85	65453
-5.202	10.163	-1.823	0.135	0.167	0.068	65529	97	65467
-2.299	6.669	-4.296	0.383	0.066	0.136	65529	97	65467
-1.374	5.455	-2.353	0.468	0.166	0.066	65529	97	65467
-3.139	10.332	-1.292	0.355	0.291	0.154	65529	97	65467
-1.899	10.661	-1.171	0.169	0.358	0.222	65529	97	65467
0.741	8.5	0.497	0.104	0.173	0.35	28	92	65436
-1.108	8.881	0.232	0.33	0.109	0.532	28	92	65436
-5.193	14.578	-1.583	0.295	0.099	0.296	28	92	65436
4.322	13.937	0.037	0.261	0.653	0.007	28	92	65436
3.968	5.945	-2.461	0.46	0.671	0.077	28	92	65436
1.029	5.777	-2.051	0.262	0.364	0.151	65525	77	65463
3.421	10.661	-1.623	0.004	0.205	0.051	65525	77	65463
4.292	10.761	0.551	0.075	0.089	0.138	65525	77	65463
1.526	11.712	-1.449	0	0.257	0.3	65525	77	65463
0.995	6.946	-2.322	0.033	0.469	0.166	65525	77	65463
1.584	8.282	0.295	0.131	0.472	0.09	65511	95	65469
0.742	10.971	-1.167	0.129	0.324	0.11	65511	95	65469
1.083	10.222	0.144	0.105	0.113	0.019	65511	95	65469
0.6	6.678	0.657	0.006	0.03	0.231	65511	95	65469
0.087	5.181	0.192	0.121	0.153	0.363	65511	95	65469
3.44	8.933	-6.056	0.191	0.234	0.551	65507	93	65463
-3.785	19.612	-1.418	0.245	0.048	0.134	65507	93	65463
-5.516	5.826	-1.544	0.344	0.147	0.033	65507	93	65463
0.938	6.71	-3.533	0.353	0.114	0.262	65507	93	65463
-2.464	8.379	-3.403	0.055	0.107	0.22	65507	93	65463
-2.367	8.528	-4.268	0.108	0.214	0.191	65534	96	65458
2.959	7.168	-2.796	0.426	0.58	0.476	65534	96	65458
0.567	9.908	0.22	0.469	0.662	0.601	65534	96	65458
1.2	13.458	-1.862	0.18	0.631	0.658	65534	96	65458
1.389	12.433	-1.584	0.011	0.542	0.789	65534	96	65458
1.176	11.953	0.906	0.116	0.548	0.849	65531	71	65447
2.752	7.874	0.239	0.239	0.465	-1.016	65531	71	65447
3.764	5.604	0.081	0.529	0.351	-1.307	65531	71	65447
4.229	7.445	0.731	0.715	0.182	-1.661	65531	71	65447
2.987	7.917	-1.69	0.733	0.106	-1.95	65531	71	65447
-1.35	9.252	-2.233	0.492	0.244	-2.189	65528	98	65470
0.084	9.725	0.987	0.365	0.031	-2.415	65528	98	65470
0.52	8.182	-2.29	0.399	0.014	-2.593	65528	98	65470
-3.405	13.192	0.323	0.224	0.015	-2.77	65528	98	65470
-4.521	16.409	0.854	0.199	0.114	-2.707	65528	98	65470
-3.815	9.774	0.158	0.197	0.218	-2.465	8	122	65456
-2.26	5.191	0.487	0.233	0.333	-2.235	8	122	65456
-5.134	8.252	2.979	0.142	0.202	-2.162	8	122	65456
-5.908	3.108	0.792	0.299	0.056	-2.18	8	122	65456
-5.542	3.436	0.922	0.193	0.081	-2.019	8	122	65456
-4.074	2.424	-1.138	0.311	0.205	-1.674	57	137	65439
-5.896	4.121	-1.308	0.352	0.315	-1.3	57	137	65439
-7.793	3.481	-1.167	0.285	0.378	-1.216	57	137	65439
-8.98	2.367	-1.697	0.114	0.604	-1.577	57	137	65439
-5.798	5.662	1.508	0.002	0.445	-1.39	57	137	65439
3.105	-2.008	0.22	0.618	-1.135	98	128	65428	-7.929
3.447	0.579	0.28	0.257	-1.238	98	128	65428	-8.072
-12.824	0.847	-2.565	0.261	0.149	-2.048	98	128	65428
3.801	0.253	0.201	0.043	-2.782	98	128	65428	-9.852
7.206	0.802	0.143	0.265	-2.172	84	136	65452	-8.152
-9.056	3.513	-1.183	0.24	0.365	-1.76	84	136	65452
-8.275	2.28	-1.951	0.306	0.56	-1.571	84	136	65452
-9.721	0.982	-1.531	0.363	0.733	-1.174	84	136	65452
2.467	-1.211	0.281	0.824	0.89	132	128	65432	-11.991
2.926	-1.261	0.204	0.779	0.884	132	128	65432	-9.561
-12.351	0.409	-1.367	0.109	0.862	0.683	132	128	65432
2.352	-2.13	0.106	0.749	0.693	132	128	65432	-10.922
2.196	0.415	0.152	0.583	0.917	100	114	65442	-9.959
-10.098	1.97	0.189	0.336	0.546	0.829	100	114	65442
3.481	0.275	0.307	0.54	0.763	100	114	65442	-10.837
0.857	-2.825	0.234	0.388	0.664	100	114	65442	-8.932
-9.507	0.594	-3.218	0.084	0.351	0.492	141	127	65419
0.252	-3.429	0.126	0.342	0.434	141	127	65419	-9.379
3.476	-2.231	0.267	0.316	0.41	141	127	65419	1.358
1.285	-2.272	0.333	0.19	0.318	138	104	65426	-9.509
-8.905	1.871	-2.261	0.123	0.455	0.194	138	104	65426
-9.38	0.973	-2.564	0.245	0.563	0.12	138	104	65426
-9.595	1.63	-3.224	0.293	0.678	0.061	138	104	65426
-9.625	0.208	-3.608	0.411	0.664	0	104	112	65436
-9.515	1.01	-3.207	0.577	0.504	0.037	104	112	65436
-9.571	0.793	-4.644	0.55	0.398	0.055	104	112	65436
-9.217	0.158	-3.762	0.312	0.385	0.054	104	112	65436
-9.956	0.684	-3.578	0.048	0.312	0.051	104	112	65436
-9.91	1.58	-3.471	0.047	0.103	0.032	151	119	65413
-8.787	0.796	-3.588	0.052	0.05	0.003	151	119	65413
-8.947	1.332	-3.306	0.092	0.009	0.034	151	119	65413
-9.21	1.277	-3.491	0.084	0.034	0.039	151	119	65413
-9.342	1.274	-3.367	0.051	0.019	0.028	151	119	65413
-9.206	1.242	-3.361	0.019	0.011	0.011	146	126	65420
-8.892	1.45	-3.139	0.031	0.016	0.001	146	126	65420
-9.232	1.35	-3.356	0.094	0.09	0.008	146	126	65420
-9.455	1.143	-3.354	0.123	0.096	0.018	146	126	65420
-9.339	1.283	-3.321	0.115	0.03	0.025	146	126	65420
-8.948	1.286	-3.307	0.101	0.006	0.024	150	126	65422
-9.206	1.162	-3.266	0.084	0.05	0.012	150	126	65422
-9.735	1.228	-3.169	0.057	0.049	0.009	150	126	65422
-9.758	1.303	-3.3	0.03	0.022	0.016	150	126	65422
-9.109	1.375	-3.151	0.033	0.065	0.015	150	126	65422
-9.087	1.152	-3.208	0.042	0.022	0.021	151	123	65425
-9.288	1.122	-3.265	0.033	0.021	0.032	151	123	65425
-9.354	1.267	-3.246	0.039	0.003	0.039	151	123	65425
-9.187	1.388	-3.195	0.051	0.025	0.048	151	123	65425
-8.784	1.379	-3.041	0.035	0.018	0.045	151	123	65425
-9.073	1.301	-3.005	0.009	0.021	0.036	155	125	65437
-9.259	1.444	-3.174	0.015	0.015	0.025	155	125	65437
-9.172	1.48	-3.202	0.019	0.015	0.019	155	125	65437
-8.796	1.375	-3.117	0.013	0.004	0.009	155	125	65437
-9.123	1.254	-3.274	0.004	0.045	0.002	155	125	65437
-9.388	1.371	-3.337	0.002	0.053	0.005	153	127	65441
-9.296	1.407	-3.47	0.015	0.009	0.007	153	127	65441
-9.014	1.486	-3.349	0.026	0.004	0.008	153	127	65441
-9.002	1.303	-3.33	0.039	0.051	0.009	153	127	65441
-9.285	1.298	-3.362	0.049	0.08	0.009	153	127	65441
-9.404	1.315	-3.46	0.05	0.05	0.006	148	130	65446
-9.252	1.38	-3.351	0.051	0.009	0.002	148	130	65446
-9.071	1.247	-3.312	0.059	0.005	0.008	148	130	65446
-9.172	1.259	-3.18	0.063	0.033	0.007	148	130	65446
-9.299	1.576	-3.4	0.044	0.047	0.009	148	130	65446
-9.306	1.188	-3.214	0.031	0.028	0.023	146	122	65450
-9.016	1.238	-3.259	0.042	0.013	0.028	146	122	65450
-8.975	1.315	-3.11	0.045	0.035	0.027	146	122	65450
-9.132	1.476	-3.388	0.034	0.054	0.023	146	122	65450
-9.289	1.471	-3.378	0.024	0.035	0.019	146	122	65450
-9.101	1.314	-3.472	0.029	0.009	0.009	142	120	65448
-9.026	1.358	-3.185	0.041	0.014	0.002	142	120	65448
-9.157	1.29	-3.282	0.049	0.038	0	142	120	65448
-9.263	1.358	-3.223	0.029	0.044	0.001	142	120	65448
-9.131	1.363	-3.375	0.014	0.014	0.005	142	120	65448
-8.98	1.343	-3.36	0.022	0.016	0.008	147	119	65453
-9.138	1.388	-3.308	0.036	0.06	0.009	147	119	65453
-9.482	1.35	-3.485	0.035	0.065	0.007	147	119	65453
0.418	19.612	-4.563	0.429	0.028	0.165	4	126	65486
-3.603	12.547	1.085	0.129	0.304	0.073	4	126	65486
-1.941	6.33	0.918	0.205	0.258	0.126	4	126	65486
-3.139	7.632	-2.844	0.104	0.28	0.129	4	126	65486
-6.165	8.809	-4.794	0.229	0.087	0.08	4	126	65486
-3.032	12.312	-1.558	0.42	0.15	0.216	65530	114	65494
-3.582	12.43	0.3	0.502	0.267	0.174	65530	114	65494
-2.829	7.965	-2.073	0.071	0.438	0.015	65530	114	65494
-2.504	11.184	-1.981	0.038	0.424	0.147	65530	114	65494
0.786	8.38	-1.176	0.262	0.288	0.227	65530	114	65494
0.548	4.381	-1.741	0.568	0.172	0.368	20	122	65476
2.177	18.334	4	0.785	0.16	0.452	20	122	65476
0.41	3.117	-5.19	0.771	0.436	0.127	20	122	65476
2.474	16.097	0.232	0.07	0.395	0.124	20	122	65476
1.169	7.93	-1.206	0.693	0.846	0.436	20	122	65476
3.703	8.079	-1.163	0.256	0.591	0.31	65522	94	65484
3.506	10.345	-1.346	0.053	0.046	0.174	65522	94	65484
1.659	11.864	0.077	0.225	0.162	0.365	65522	94	65484
0.829	11.401	-1.112	0.171	0.375	0.247	65522	94	65484
1.636	8.874	0.248	0.105	0.533	0.056	65522	94	65484
0.517	9.528	-1.321	0.049	0.384	0.01	13	113	65497
1.551	10.103	-1.204	0.062	0.085	0.09	13	113	65497
0.741	6.39	0.869	0.019	0.002	0.254	13	113	65497
0.282	5.274	0.411	0.185	0.031	0.393	13	113	65497
-3.298	10.656	0.055	0.385	0.195	0.423	13	113	65497
-1.784	16.6	-7.873	0.248	0.23	0.188	65531	111	65479
-4.829	8.433	2.454	0.141	0.219	0.067	65531	111	65479
-2.075	7.303	0.189	0.308	0.153	0.306	65531	111	65479
-2.754	12.248	0.403	0.1	0.005	0.269	65531	111	65479
-4.593	10.812	-3.126	0.083	0.028	0.234	65531	111	65479
-2.924	7.483	-3.537	0.182	0.041	0.322	15	119	65483
-2.949	7.728	0.62	0.355	0.088	0.25	15	119	65483
-2.279	9.558	0.108	0.146	0.226	0.021	15	119	65483
-3.117	11.894	-1.261	0.012	0.164	0.073	15	119	65483
-1.057	6.232	0.604	0.273	0.118	0.193	15	119	65483
0.486	6.967	0.082	0.334	0.037	0.361	24	88	65480
-4.985	6.914	0.756	0.787	0.379	0.287	24	88	65480
1.799	10.144	-1.505	0.126	0.297	0.115	24	88	65480
2.102	7.432	-1.313	0.284	0.67	0.396	24	88	65480
2.647	7.424	0.191	0.015	0.334	0.233	7	117	65487
3.861	10.737	-1.659	0.184	0.127	0.184	7	117	65487
1.677	13.826	0.144	0.419	0.1	0.31	7	117	65487
1.401	9.841	0.764	0.544	0.314	0.168	7	117	65487
2.619	9.587	0.101	0.469	0.438	0.003	7	117	65487
0.926	10.04	-1.004	0.359	0.429	0.014	17	113	65497
0.921	8.88	-1.283	0.324	0.261	0.156	17	113	65497
0.199	6.081	0.624	0.225	0.16	0.365	17	113	65497
-2.801	7.12	0.787	0.134	0.036	0.462	17	113	65497
3.309	19.612	-1.104	0.226	0.215	0.303	17	113	65497
-5.741	13.564	0.323	0.17	0.305	0.13	11	105	65481
-2.815	3.891	-2.391	0.3	0.2	0.112	11	105	65481
-2.323	6.775	-1.815	0.019	0.252	0.174	11	105	65481
-5.725	10.868	-2.944	0.122	0.132	0.141	11	105	65481
-4.189	9.932	-2.464	0.294	0.073	0.234	11	105	65481
-3.679	12.052	0.271	0.502	0.238	0.222	65525	103	65489
-4.536	10.545	-1.677	0.166	0.348	0.066	65525	103	65489
-2.843	11.081	-2.035	0.038	0.436	0.127	65525	103	65489
-2.152	9.401	0.817	0.202	0.28	0.214	65525	103	65489
-1.874	6.041	0.845	0.454	0.115	0.342	65525	103	65489
4.249	11.058	3.205	0.715	0.073	0.468	29	93	65473
-1.295	13.977	-2.433	0.976	0.568	0.176	29	93	65473
2.524	13.767	-3.246	0.1	0.203	0.047	29	93	65473
2.236	8.51	0.573	0.566	0.693	0.347	29	93	65473
2.966	9.372	-1.329	0.205	0.587	0.34	29	93	65473
3.827	9.214	0.729	0.005	0.089	0.134	26	126	65478
2.29	9.798	-1.65	0.237	0.057	0.324	26	126	65478
3.397	10.637	0.396	0.297	0.185	0.272	26	126	65478
0.725	8.513	0.943	0.259	0.399	0.12	26	126	65478
1.163	9.305	-1.089	0.215	0.419	0.039	26	126	65478
1.598	10.55	-1.394	0.211	0.226	0.025	12	118	65490
1.417	7.676	0.345	0.142	0.122	0.199	12	118	65490
0.367	3.767	0.766	0.043	0.021	0.336	12	118	65490
-1.586	7.732	0.271	0.247	0.186	0.411	12	118	65490
-1.024	19.189	-5.574	0.13	0.23	0.225	12	118	65490
-7.919	7.734	1.44	0.027	0.324	0.037	15	105	65481
0.994	4.456	-2.029	0.463	0.089	0.262	15	105	65481
-2.428	8.949	-1.854	0.089	0.157	0.22	15	105	65481
-5.981	10.936	-2.308	0.001	0.089	0.179	15	105	65481
-1.978	11.714	-1.052	0.16	0.135	0.289	15	105	65481
-3.462	10.759	0.694	0.39	0.179	0.211	65533	119	65489
-3.284	8.893	-1.368	0.195	0.266	0.005	65533	119	65489
-2.473	12.166	0.113	0.105	0.317	0.1	65533	119	65489
-1.419	9.338	0.251	0.251	0.21	0.224	65533	119	65489
0.683	11.449	2.463	0.344	0.088	0.385	65533	119	65489
0.645	13.718	2.797	0.747	0.195	0.299	7	99	65475
0.304	9.795	-1.092	0.698	0.294	0.053	7	99	65475
2.782	10.098	0.956	0.149	0.371	0.045	7	99	65475
1.254	8.858	0.401	0.365	0.621	0.265	7	99	65475
2.025	8.012	0.604	0.051	0.344	0.141	7	99	65475
3.948	10.407	-1.472	0.172	0.144	0.075	25	105	65477
1.523	12.775	0.322	0.337	0.1	0.227	25	105	65477
1.72	9.769	-1.647	0.389	0.3	0.095	25	105	65477
0.159	10.473	0.912	0.347	0.454	0.053	25	105	65477
1.09	10.968	0.975	0.316	0.272	0.2	21	113	65487
0.002	6.86	0.507	0.231	0.16	0.376	21	113	65487
-2.551	8.068	0.799	0.085	0.032	0.453	21	113	65487
4.374	19.612	0.59	0.139	0.158	0.282	21	113	65487
-6.247	15.778	0.465	0.088	0.343	0.228	21	113	65487
-2.269	5.275	-2.489	0.312	0.291	0.041	65535	109	65495
-3.181	5.404	-2.901	0.091	0.354	0.058	65535	109	65495
-6.19	9.066	-3.319	0.037	0.169	0.01	65535	109	65495
-5.702	4.817	-4.493	0.204	0.089	0.064	65535	109	65495
-2.11	7.773	-2.647	0.458	0.286	0.077	65535	109	65495
-2.195	9.253	0.439	0.351	0.36	0.01	12	94	65482
-2.721	11.709	-1.727	0.106	0.427	0.18	12	94	65482
-2.035	10.605	0.899	0.112	0.264	0.251	12	94	65482
-2.492	7.564	0.519	0.298	0.059	0.378	12	94	65482
2.674	17.748	4.964	0.648	0.134	0.45	12	94	65482
-1.325	14.049	2.203	0.605	0.362	0.205	22	102	65470
1.49	13.868	0.92	0.303	0.352	0.085	22	102	65470
3.013	4.961	-1.687	0.514	0.652	0.274	22	102	65470
1.331	6.739	-1.933	0.188	0.351	0.241	22	102	65470
5.383	10.346	-1.691	0.04	0.201	0.069	22	102	65470
2.81	13.779	3.847	0.173	0.004	0.251	23	105	65479
0.207	8.824	0.263	0.349	0.413	0.346	23	105	65479
0.95	8.898	-1.698	0.6	0.356	0.287	23	105	65479
3.677	8.517	0.815	0.915	0.081	0.175	23	105	65479
6.934	11.147	-1.353	1.071	0.096	0.122	23	105	65479
5.333	10.508	-2.446	0.825	0	0.124	32	98	65478
5.939	7.411	-1.454	0.481	0.303	0.711	32	98	65478
6.062	4.617	-3.799	0.212	0.455	-1.17	32	98	65478
2.291	17.758	-7.495	0.359	0.62	-1.332	32	98	65478
-3.745	19.612	-5.77	0.058	0.85	-1.449	32	98	65478
0.543	5.777	-2.315	0.916	0.477	-1.694	65519	117	65487
2.473	8.592	-1.464	0.506	0.018	-1.745	65519	117	65487
-3.852	3.075	-3.154	0.627	0.434	-1.82	65519	117	65487
-2.049	6.94	-2.454	0.144	0.979	-2.202	65519	117	65487
-1.195	11.326	-2.989	0.039	-1.201	-2.561	65519	117	65487
1.364	8.461	0.339	0.533	-1.027	-2.753	45	101	65469
-2.705	9.891	0.621	0.79	0.502	-2.558	45	101	65469
-2.814	8.707	0.136	0.873	0.352	-2.402	45	101	65469
-3.582	8.48	-1.034	-1.077	0.187	-2.489	45	101	65469
-4.21	9.652	0.09	-1.191	0.178	-2.674	45	101	65469
0.326	1.848	-2.536	-1.335	0.207	-2.58	38	122	65486
-5.571	5.662	-1.974	-1.249	0.182	-2.321	38	122	65486
-6.932	4.576	0.398	-1.158	0.442	-2.252	38	122	65486
-4.724	3.797	0.231	0.851	0.3	-2.037	38	122	65486
-8.101	5.846	-1.932	0.606	0.325	-1.741	38	122	65486
-6.184	2.086	0.035	0.304	0.6	-1.573	78	144	65486
-5.584	5.923	0.33	0.023	0.929	-1.234	78	144	65486
-7.722	5.474	0.712	0.147	1.362	0.912	78	144	65486
-13.8	3.772	0.401	0.214	1.522	0.858	78	144	65486
2.414	-1.365	0.004	0.979	-1.094	78	144	65486	-13.12
4.208	-2.449	0.059	0.418	-1.061	109	141	65481	3.744
4.358	-1.212	0.118	0.029	-1.756	109	141	65481	3.166
2.859	-1.594	0.39	0.056	-1.672	109	141	65481	-8.506
-11.326	4.018	0.978	0.142	0.089	-1.166	64	154	65502
2.008	-2.193	0.07	0.108	-1.157	64	154	65502	-8.024
2.941	-1.728	0.022	0.031	0.914	64	154	65502	-8.904
-9.34	4.578	0.878	0.161	0.212	0.405	116	134	65472
-8.347	2.916	-1.188	0.031	0.244	0.447	116	134	65472
-9.757	1.995	0.174	0.164	0.295	0.558	116	134	65472
3.388	-1.229	0.323	0.167	0.608	116	134	65472	-10.152
2.685	0.602	0.399	0.037	0.814	116	134	65472	-8.924
-9.386	2.159	0.525	0.456	0.268	-1.107	142	138	65466
-9.911	2.645	-1.914	0.382	0.37	-1.002	142	138	65466
-8.101	2.196	-1.365	0.211	0.314	0.909	142	138	65466
2.246	-1.825	0.004	0.277	0.74	142	138	65466	-7.936
0.067	-1.163	0.164	0.272	0.731	135	137	65445	2.626
2.576	-1.041	0.39	0.444	0.63	135	137	65445	-9.406
-10.031	2.045	-1.252	0.028	0.679	0.604	135	137	65445
1.219	-1.984	0.033	0.677	0.613	108	118	65456	-10.494
0.915	-1.802	0.003	0.567	0.57	108	118	65456	1.054
2.78	-1.815	0	0.477	0.379	108	118	65456	2.033
0.711	-2.164	0.25	0.475	0.241	155	131	65425	-8.986
-9.989	1.102	-2.784	0.235	0.55	0.076	155	131	65425
-9.579	0.537	-2.814	0.254	0.516	0.008	155	131	65425
-10.302	1.198	-2.991	0.267	0.471	0.068	155	131	65425
0.913	-3.208	0.212	0.373	0.096	160	128	65424	-10.169
0.86	-3.216	0.124	0.269	0.13	160	128	65424	-9.816
-9.604	0.936	-3.148	0.013	0.044	0.162	160	128	65424
-9.622	1.466	-3.357	0.068	0.03	0.152	160	128	65424
-9.737	1.839	-3.186	0.106	0.083	0.134	150	138	65434
-9.433	1.748	-3.223	0.06	0.151	0.14	150	138	65434
-9.503	1.561	-3.203	0.006	0.187	0.132	150	138	65434
-9.524	1.711	-3.195	0.016	0.219	0.12	150	138	65434
-9.252	1.699	-2.443	0.046	0.252	0.129	150	138	65434
-8.693	1.667	-2.724	0.086	0.216	0.129	149	135	65439
-9.387	1.878	-2.42	0.11	0.088	0.11	149	135	65439
-9.831	1.535	-2.5	0.162	0.065	0.121	149	135	65439
-9.289	1.729	-2.346	0.068	0.16	0.121	149	135	65439
-9.288	2.015	-2.419	0.049	0.142	0.092	146	132	65448
-9.636	1.647	-2.293	0.082	0.135	0.092	146	132	65448
-9.029	1.401	-2.191	0.076	0.162	0.09	146	132	65448
-9.084	1.795	-1.926	0.035	0.123	0.078	146	132	65448
-9.538	1.877	-2.406	0.032	0.075	0.073	146	132	65448
-9.775	1.711	-2.533	0.042	0.097	0.084	140	138	65450
-9.41	1.751	-2.36	0.045	0.17	0.097	140	138	65450
-9.091	2.025	-2.34	0.054	0.18	0.093	140	138	65450
-9.342	1.977	-2.165	0.069	0.086	0.078	140	138	65450
-9.809	1.745	-2.317	0.092	0.057	0.081	140	138	65450
-9.666	1.583	-2.285	0.082	0.125	0.096	136	136	65454