6.095 8.64 0.984 0.057 0.346 0.104 47 65527 65443
3.251 6.786 0.508 0.04 0.5 0.009 47 65527 65443
1.884 7.014 -1.623 0.345 0.948 0.092 47 65527 65443
0.914 12.496 0.183 0.371 1.105 0.11 47 65527 65443
3.462 10.037 -1.624 0.26 1.009 0.061 47 65527 65443
2.774 8.814 -3.259 0.322 1.108 0.2 28 65514 65472
2.153 9.293 0.199 0.488 1.341 0.144 28 65514 65472
1.154 8.68 -1.684 0.484 1.482 0.068 28 65514 65472
0.791 9.18 0.845 0.298 0.877 0.194 51 39 65443
-2.252 16.495 0.472 0.137 0.691 0.054 51 39 65443
-6.399 19.612 0.169 0.368 0.551 0.226 51 39 65443
-2.345 7.642 0.493 0.743 0.823 0.199 51 39 65443
1.634 8.365 -3.379 0.482 1.175 0.475 51 39 65443
-4.217 13.059 0.12 0.047 1.401 0.226 42 65524 65436
-5.704 14.211 0.836 0.166 1.213 0.339 42 65524 65436
-1.148 9.283 0.776 0.173 0.845 0.562 42 65524 65436
-1.271 9.255 0.332 0.023 0.869 0.474 42 65524 65436
0.974 12.015 0.694 0.292 1.046 0.247 42 65524 65436
-2.901 7.523 -2.974 0.44 1.338 0.045 31 65515 65455
-3.627 4.586 0.922 0.531 1.377 0.152 31 65515 65455
0.093 8.7 1.45 0.467 1.238 0.29 31 65515 65455
-5.402 6.124 -7.55 0.749 1.182 0.242 31 65515 65455
4.648 11.991 0.878 0 0.438 0.087 31 65515 65455
5.671 7.408 1.35 0.048 0.394 0.094 17 65533 65489
0.512 10.108 0.228 0.324 0.873 0.143 17 65533 65489
1.741 11.361 0.894 0.248 1.081 0.052 17 65533 65489
4.612 10.961 0.834 0.248 0.978 0.086 17 65533 65489
2.893 12.029 -1.006 0.284 1.15 0.175 17 65533 65489
2.673 8.668 0.934 0.509 1.345 0.185 35 65525 65459
2.979 11.792 -2.606 0.473 1.584 0.212 35 65525 65459
0.468 8.541 0.737 0.592 1.407 0.225 35 65525 65459
-1.632 5.572 0.744 0.397 1.034 0.33 35 65525 65459
0.21 12.411 -2.181 0.064 0.697 0.291 26 12 65498
-3.999 16.188 -1.515 0.189 0.564 0.143 26 12 65498
-4.267 11.342 0.626 0.538 0.788 0.005 26 12 65498
3.1 6.351 -3.13 0.69 1.094 0.461 26 12 65498
-5.086 6.156 -3.865 0.181 1.336 0.221 26 12 65498
-6.402 8.761 0.6 0.163 1.166 0.26 48 65514 65474
0.385 11.663 0.83 0.374 0.83 0.531 48 65514 65474
-1.399 10.658 1.071 0.179 0.783 0.548 48 65514 65474
0.202 9.678 0.043 0.263 0.864 0.377 48 65514 65474
-2.888 8.603 -4.021 0.533 1.245 0.158 48 65514 65474
-4.115 6.896 -1.619 0.432 1.345 0.066 19 65529 65485
-2.614 8.452 1.331 0.41 1.149 0.21 19 65529 65485
2.744 16.018 4.021 0.529 1.054 0.326 19 65529 65485
-3.778 19.612 -4.611 0.225 0.733 0.038 19 65529 65485
3.517 9.276 1.483 0.048 0.15 0.156 19 65529 65485
2.971 7.08 0.141 0.068 0.524 0.072 49 3 65463
0.779 11.439 -1.417 0.257 0.976 0.104 49 3 65463
3.706 11.52 -1.227 0.18 0.953 0.089 49 3 65463
3.908 10.111 -1.681 0.247 1 0.093 49 3 65463
1.631 11.692 0.97 0.368 1.352 0.193 49 3 65463
3.769 10.375 -1.124 0.31 1.632 0.004 40 4 65522
2.491 12.477 0.872 0.327 1.769 0.156 40 4 65522
0.475 6.724 -2.145 0.454 1.585 0.244 40 4 65522
-2.7 4.785 0.159 0.373 1.28 0.398 40 4 65522
0.153 13.444 0.428 0.075 0.805 0.479 40 4 65522
0.72 15.61 -4.426 0.317 0.453 0.063 27 65505 65511
-5.355 12.24 0.833 0.572 0.595 0.166 27 65505 65511
3.248 4.381 -3.288 0.891 1.032 0.402 27 65505 65511
-1.742 8.518 -3.667 0.389 1.34 0.337 27 65505 65511
-6.411 9.448 -1.454 0.072 1.33 0.15 27 65505 65511
-6.295 11.943 0.416 0.206 0.921 0.434 20 65510 65534
-1.138 9.379 0.918 0.104 0.634 0.618 20 65510 65534
-1.848 8.212 -1.945 0.268 0.806 0.431 20 65510 65534
-1.687 7.078 -3.051 0.484 1.13 0.248 20 65510 65534
-3.848 9.816 0.214 0.462 1.378 0.07 20 65510 65534
-1.82 5.129 -1.258 0.507 1.256 0.101 15 65521 15
1.72 10.11 3.551 0.502 1.037 0.293 15 65521 15
-8.157 10.737 -6.447 0.761 1.179 0.294 15 65521 15
0.764 18.07 -1.157 0.067 0.567 0.075 15 65521 15
6.266 5.206 1.016 0.182 0.357 0.136 15 65521 15
5.021 3.028 -4.848 0.182 0.785 0.105 59 19 65509
0.784 12.856 0.119 0.313 1.191 0.012 59 19 65509
3.342 9.108 -1.83 0.243 1.134 0.106 59 19 65509
2.935 7.049 -3.507 0.172 1.192 0.11 59 19 65509
1.671 8.705 0.738 0.398 1.306 0.084 59 19 65509
2.986 9.276 0.988 0.465 1.304 0.084 12 65528 6
1.408 9.233 -2.719 0.38 1.421 0.19 12 65528 6
0.47 8.905 0.168 0.493 1.214 0.262 12 65528 6
0.621 9.818 2.17 0.245 0.791 0.24 12 65528 6
-5.103 14.731 1.052 0.271 0.47 0.047 12 65528 6
-4.168 14.393 -3.43 0.679 0.306 0.217 49 17 3
-2.098 6.307 1.143 0.511 0.624 0.118 49 17 3
2.148 7.036 -3.624 0.408 1.044 0.391 49 17 3
-3.782 8.789 -1.098 0.047 1.336 0.134 49 17 3
-6.159 10.724 -1.659 0.123 1.18 0.225 49 17 3
0.254 9.252 0.905 0.254 0.962 0.532 50 14 65500
-3.312 11.007 0.284 0.256 1.096 0.434 50 14 65500
0.349 12.103 0.162 0.078 1.106 0.223 50 14 65500
-3.202 10.618 -2.511 0.318 1.326 0.045 50 14 65500
-2.864 7.007 0.023 0.39 1.405 0.1 50 14 65500
-1.414 4.274 0.122 0.39 1.272 0.272 25 3 65527
3.111 -9.285 0.501 1.158 0.416 25 3 65527 3.886
15.12 -3.499 0.281 0.613 0.057 25 3 65527 4.936 
0.384 11.012 0.189 0.145 0.869 0.124 25 3 65527
1.606 10.157 -1.584 0.198 0.94 0.035 34 16 65526
4.375 8.577 -2.327 0.169 0.956 0.1 34 16 65526
3.049 10.558 0.501 0.264 1.153 0.121 34 16 65526
1.163 10.669 -1.193 0.377 1.46 0.132 34 16 65526
2.22 11.531 -1.112 0.312 1.537 0.104 34 16 65526
1.441 8.608 -2.008 0.321 1.611 0.191 55 37 65531
0.092 9.929 0.895 0.474 1.425 0.22 55 37 65531
0.14 6.75 1.282 0.39 1.121 0.419 55 37 65531
-1.649 11.636 0.217 0.008 0.752 0.436 55 37 65531
0.881 15.285 -3.884 0.421 0.407 0.052 55 37 65531
-4.486 12.598 0.031 0.572 0.588 0.094 29 5 65533
2.211 2.568 -2.902 0.828 0.951 0.365 29 5 65533
-1.048 6.448 -3.924 0.27 1.314 0.304 29 5 65533
-9.882 6.812 -1.678 0.005 1.342 0.14 29 5 65533
-3.676 10.825 -1.765 0.183 0.908 0.376 29 5 65533
-2.468 9.132 0.15 0.264 0.794 0.551 50 18 4
-2.205 10.423 0.307 0.007 0.862 0.371 50 18 4
-1.912 11.464 0.544 0.323 1.052 0.173 50 18 4
-4.046 9.619 0.854 0.483 1.303 0.021 50 18 4
-1.322 5.535 -1.446 0.515 1.238 0.163 50 18 4
1.052 7.919 1.393 0.475 1.069 0.386 38 34 20
-4.932 19.102 -4.659 0.55 1.113 0.31 38 34 20
8.088 7.271 -2.024 0.054 0.325 0.147 38 34 20
6.041 4.478 0.744 0.069 0.45 0.076 38 34 20
0.553 12.427 0.019 0.263 0.867 0.196 38 34 20
0.786 13.427 0.784 0.156 0.949 0.021 31 23 7
4.104 8.298 -1.92 0.161 0.905 0.048 31 23 7
4.492 5.634 -3.728 0.26 1.119 0.179 31 23 7
0.888 10.958 0.117 0.389 1.425 0.125 31 23 7
1.877 8.461 -2.566 0.317 1.573 0.152 31 23 7
1.747 9.502 -3.368 0.361 1.556 0.248 37 43 7
0.887 9.1 0.104 0.53 1.363 0.203 37 43 7
-1.116 8.824 1.964 0.308 1.026 0.357 37 43 7
0.005 12.95 0.448 0.116 0.575 0.332 37 43 7
-1.461 12.112 -6.125 0.462 0.38 0.022 37 43 7
-1.231 7.596 0.128 0.633 0.65 0.082 16 44 24
1.772 5.917 -3.374 0.739 1.087 0.51 16 44 24
-2.589 8.948 -2.821 0.215 1.397 0.333 16 44 24
-7.663 11.522 0.691 0.064 1.312 0.302 16 44 24
0.986 6.406 -1.484 0.248 0.853 0.553 16 44 24
0.019 8.038 0.64 0.085 0.826 0.525 11 45 29
-1.261 9.823 0.736 0.167 0.987 0.32 11 45 29
-3.523 9.172 -2.409 0.365 1.329 0.148 11 45 29
-2.677 7.876 0.19 0.457 1.374 0.004 11 45 29
-1.927 7.121 0.729 0.542 1.191 0.185 11 45 29
3.716 12.64 3.987 0.54 1.008 0.417 17 73 29
0.887 19.612 -3.008 0.411 0.923 0.19 17 73 29
4.712 8.993 3.277 0.043 0.279 0.215 17 73 29
3.495 6.423 0.117 0.151 0.59 0.028 17 73 29
0.472 10.044 -1.747 0.189 1.024 0.173 17 73 29
2.975 9.879 -1.531 0.052 1.036 0.017 33 47 33
3.76 9.556 -1.17 0.132 1.029 0.071 33 47 33
2.467 9.926 -2.53 0.307 1.261 0.226 33 47 33
1.09 10.067 0.632 0.393 1.498 0.035 33 47 33
3.482 7.654 -1.731 0.366 1.55 0.202 33 47 33
0.037 10.362 -1.965 0.438 1.503 0.194 7 99 27
0.973 9.059 1.829 0.454 1.154 0.227 7 99 27
0.146 9.531 0.102 0.108 0.771 0.263 7 99 27
-5.968 18.007 1.11 0.229 0.582 0.012 7 99 27
-3.809 18.766 0.997 0.459 0.423 0.149 7 99 27
1.81 2.501 -1.316 0.713 0.739 0.317 6 84 34
-1.199 8.183 -3.355 0.327 1.105 0.363 6 84 34
-3.013 14.542 0.575 0.003 1.33 0.18 6 84 34
-4.698 13.818 0.214 0.202 1.097 0.386 6 84 34
0.104 6.749 -1.211 0.254 0.875 0.525 6 84 34
-1.651 8.828 0.251 0.09 1.008 0.378 36 58 65512
-1.684 10.067 -1.393 0.205 1.196 0.194 36 58 65512
-2.172 9.155 -2.1 0.366 1.409 0.038 36 58 65512
-2.208 3.617 -1.015 0.465 1.346 0.149 36 58 65512
0.814 5.316 0.387 0.459 1.12 0.375 36 58 65512
-9.041 14.906 -7.659 0.538 1.093 0.351 49 87 65515
6.831 14.495 2.31 0.162 0.26 0.194 49 87 65515
5.343 5.395 0.474 0.166 0.536 0.097 49 87 65515
1.534 10.984 -1.912 0.214 0.911 0.216 49 87 65515
1.292 10.643 0.861 0.165 1.003 0.052 49 87 65515
3.581 8.842 -2.408 0.207 0.992 0.012 42 104 2
3.4 9.907 -1.745 0.318 1.2 0.229 42 104 2
0.418 9.585 -1.133 0.433 1.473 0.186 42 104 2
1.836 9.252 -2.097 0.385 1.567 0.08 42 104 2
2.175 8.653 -2.91 0.389 1.579 0.197 42 104 2
0.252 6.093 -1.152 0.563 1.362 0.184 20 82 2
0.219 9.283 1.713 0.37 1.041 0.335 20 82 2
0.418 12.428 0.805 0.02 0.754 0.362 20 82 2
-3.241 8.337 0.141 0.686 0.729 0.012 20 82 2
2.337 8.109 -2.783 0.814 1.027 0.457 65534 110 0
-1.993 10.159 -3.306 0.251 1.32 0.284 65534 110 0
-7.485 8.926 -1.03 0.062 1.317 0.193 65534 110 0
-5.283 11.896 0.38 0.303 0.982 0.467 65534 110 0
-1.79 9.84 1.006 0.131 0.805 0.503 65534 110 0
-1.544 10.432 0.047 0.283 0.831 0.254 18 100 0
-1.928 10.29 -1.594 0.485 1.094 0.074 18 100 0
-3.708 6.811 0.975 0.467 1.325 0.136 18 100 0
-3.572 7.4 0.488 0.447 1.185 0.322 18 100 0
1.392 14.69 3.604 0.587 1.082 0.404 18 100 0
0.578 19.612 -3.685 0.199 0.722 0.072 37 103 65533
8.723 4.681 0.04 0.048 0.173 0.09 37 103 65533
3.575 6.538 0.97 0.047 0.661 0.079 37 103 65533
0.669 10.522 -1.842 0.464 1.121 0.122 37 103 65533
3.119 10.997 -2.02 0.312 0.97 0.04 37 103 65533
5.26 9.419 -2.069 0.3 0.943 0.129 41 123 65501
2.176 12.298 -1.406 0.373 1.291 0.325 41 123 65501
1.68 9.484 -2.184 0.42 1.531 0.175 41 123 65501
1.273 5.683 -1.928 0.457 1.619 0.077 41 123 65501
2.902 5.896 -3.33 0.596 1.554 0.215 41 123 65501
0.032 8.073 0.458 0.624 1.292 0.159 36 118 65508
-1.224 8.049 0.969 0.266 0.911 0.276 36 118 65508
1.063 16.723 -1.817 0.206 0.285 0.28 36 118 65508
-1.042 17.46 -1.701 0.287 0.331 0.059 36 118 65508
0.337 7.145 -3.272 0.828 1.273 0.611 19 91 65509
-2.311 10.736 -3.647 0.207 1.377 0.426 19 91 65509
-4.955 11.325 0.076 0.057 1.196 0.397 19 91 65509
-2.249 13.76 0.477 0.275 0.75 0.568 19 91 65509
-2.019 9.847 0.694 0.112 0.664 0.506 19 91 65509
0.925 10.915 1.352 0.514 0.791 0.256 46 88 65480
-1.707 9.58 -1.218 0.581 1.149 0.006 46 88 65480
-3.062 4.886 -1.181 0.666 1.204 0.173 46 88 65480
-1.711 10.273 2.296 0.534 1.03 0.324 46 88 65480
-11.974 0.219 -10.664 0.786 1.063 0.26 46 88 65480
3.869 15.853 -3.026 0.177 0.348 0.081 53 85 65455
5.459 7.359 1.484 0.062 0.335 0.151 53 85 65455
3.193 3.664 -4.586 0.19 0.883 0.094 53 85 65455
0.027 10.63 0.804 0.332 1.23 0.037 53 85 65455
4.535 11.136 -1.017 0.293 0.934 0.059 53 85 65455
4.51 9.807 -2.021 0.298 1.038 0.185 51 93 65463
2.136 7.964 -1.908 0.404 1.468 0.271 51 93 65463
1.922 8.789 -1.821 0.411 1.611 0.099 51 93 65463
1.811 9.783 -2.507 0.435 1.579 0.189 51 93 65463
0.849 6.22 -1.854 0.583 1.394 0.239 51 93 65463
0.164 5.516 0.489 0.418 1.091 0.187 42 68 65476
0.158 10.472 -1.657 0.045 0.686 0.189 42 68 65476
1.988 16.6 -3.914 0.323 0.416 0.001 42 68 65476
-2.932 10.072 0.454 0.614 0.758 0.008 42 68 65476
1.333 4.068 -3.335 0.924 1.17 0.557 42 68 65476
0.14 8.865 -2.24 0.299 1.425 0.422 32 60 65472
-7.055 11.155 0.951 0.043 1.388 0.301 32 60 65472
-3.28 9.716 0.731 0.239 0.823 0.458 32 60 65472
0.556 9.836 0.412 0.129 0.637 0.501 32 60 65472
0.132 9.946 0.233 0.283 0.828 0.284 32 60 65472
-3.602 8.779 -3.228 0.571 1.212 0.055 25 69 65465
-2.184 8.662 0.973 0.475 1.329 0.124 25 69 65465
-1.151 6.057 0.086 0.454 1.237 0.238 25 69 65465
-6.551 6.631 -2.069 0.69 1.196 0.314 25 69 65465
1.537 16.785 -5.19 0.013 0.572 0.027 25 69 65465
6.087 10.238 0.861 0.047 0.245 0.189 41 57 65471
3.821 4.751 0.788 0.101 0.754 0.034 41 57 65471
0.511 11.147 0.615 0.266 1.101 0.042 41 57 65471
3.739 11.234 -1.622 0.163 0.932 0.083 41 57 65471
4.266 12.039 0.319 0.227 0.949 0.101 41 57 65471
1.686 11.968 0.665 0.359 1.288 0.207 40 80 65476
1.993 7.52 -1.691 0.307 1.587 0.02 40 80 65476
1.176 8.428 -2.03 0.336 1.607 0.204 40 80 65476
1.398 10.237 0.773 0.497 1.43 0.306 40 80 65476
0.058 5.134 0.004 0.381 1.185 0.251 40 80 65476
0.384 7.988 0.664 0.043 0.829 0.214 31 77 65451
-2.852 18.642 -1.192 0.23 0.494 0.001 31 77 65451
-4.072 13.622 0.75 0.434 0.584 0.141 31 77 65451
2.707 1.429 -2.597 0.791 0.892 0.33 31 77 65451
0.208 10.352 -2.831 0.31 1.236 0.383 31 77 65451
-7.641 6.42 -1.443 0.007 1.405 0.227 38 48 65414
-5.689 9.054 -2.133 0.242 1.117 0.373 38 48 65414
0.462 8.477 0.166 0.222 0.814 0.539 38 48 65414
0.745 7.618 0.6 0.126 0.818 0.376 38 48 65414
-1.221 10.334 -1.148 0.333 0.979 0.143 38 48 65414
-2.754 8.956 -1.145 0.392 1.233 0.075 33 49 65457
-2.94 4.747 0.67 0.429 1.241 0.298 33 49 65457
1.315 12.768 3.658 0.519 1.129 0.44 33 49 65457
0.278 15.855 -2.298 0.504 0.98 0.26 33 49 65457
6.792 11.135 3.235 0.203 0.128 0.057 33 49 65457
4.004 7.595 0.989 0.026 0.575 0.004 35 63 65425
0.366 8.795 -1.495 0.316 1.045 0.147 35 63 65425
2.23 11.477 -1.772 0.1 0.97 0.006 35 63 65425
5.726 7.934 -3.925 0.473 1.092 0.257 35 63 65425
2.139 10.253 -2.023 0.391 1.49 0.226 25 43 65441
0.32 7.643 -2.539 0.235 1.586 0.048 25 43 65441
3.071 3.652 -5.045 0.198 1.432 0.293 25 43 65441
1.709 7.472 1.255 0.429 1.147 0.203 25 43 65441
0.617 6.904 0.524 0.227 0.989 0.21 25 43 65441
0.191 15.735 -1.428 0.005 0.621 0.284 48 74 65444
-3.06 18.083 0.457 0.125 0.411 0.121 48 74 65444
-2.868 10.401 -1.028 0.647 0.822 0.075 48 74 65444
0.714 2.105 -3.971 0.867 1.16 0.533 48 74 65444
-4.425 14.336 -1.225 0.021 1.433 0.233 48 74 65444
-2.63 9.733 -2.785 0.182 1.029 0.631 43 33 65467
-3.487 6.214 0.939 0.153 0.953 0.564 43 33 65467
-2.926 8.839 1.741 0.007 0.872 0.659 43 33 65467
0.617 10.882 1.351 0.511 0.758 0.476 43 33 65467
0.16 7.723 -3.262 0.788 0.99 0.076 43 33 65467
-3.737 7.205 0.155 0.666 1.225 0.154 84 22 65420
-3.189 8.751 2.011 0.598 1.22 0.274 84 22 65420
1.847 13.693 2.979 0.906 1.158 0.324 84 22 65420
1.589 17.858 -1.001 0.557 0.997 0.122 84 22 65420
6.303 8.666 0.931 0.039 0.493 0.191 84 22 65420
5.116 5.075 0.593 0.397 0.67 0.018 47 27 65457
0.335 10.484 1.912 0.42 1.122 0.022 47 27 65457
1.879 14.798 0.484 0.199 1.027 0.165 47 27 65457
2.899 6.314 -3.098 0.136 0.96 0.021 47 27 65457
3.633 9.322 -1.401 0.479 1.004 0.176 47 27 65457
-2.523 7.231 -1.151 0.543 1.365 0.051 48 44 65470
0.341 11.732 -1.436 0.673 1.289 0.137 48 44 65470
1.118 8.247 0.502 0.653 1.153 0.286 48 44 65470
0.368 6.514 0.278 0.365 0.929 0.091 48 44 65470
-3.321 12.138 0.675 0.041 0.815 0.23 48 44 65470
-2.351 16.194 -4.462 0.508 0.505 0.231 30 8 65474
-3.293 4.419 0.901 0.42 0.755 0.119 30 8 65474
2.135 6.837 -2.483 0.313 1.015 0.412 30 8 65474
-3.035 8.751 -1.107 0.105 1.273 0.205 30 8 65474
-5.737 9.938 0.608 0.134 1.174 0.224 30 8 65474
-1.28 10.415 0.618 0.297 0.98 0.48 16 34 65456
-2.221 12.296 1.829 0.284 1.092 0.359 16 34 65456
-1.247 11.335 0.726 0.054 1.055 0.12 16 34 65456
0.405 13.165 0.135 0.261 1.145 0.106 16 34 65456
-1.529 9.379 0.084 0.324 1.402 0.271 16 34 65456
0.295 9.016 1.126 0.397 1.378 0.5 46 30 65476
-5.282 6.311 -6.815 0.635 1.177 0.387 46 30 65476
7.309 10.964 1.134 0.19 0.224 0.022 46 30 65476
4.338 11.914 3.934 0.354 0.271 0.069 46 30 65476
0.268 4.659 -1.191 0.196 0.811 0.174 46 30 65476
3.634 9.89 -1.839 0.145 0.883 0.066 30 34 65458
4.587 10.199 -1.513 0.27 0.84 0.049 30 34 65458
4.51 11.337 -1.301 0.411 1.004 0.235 30 34 65458
1.496 11.262 0.688 0.446 1.388 0.254 30 34 65458
0.745 8.173 -1.881 0.311 1.708 0 30 34 65458
1.598 7.831 -2.735 0.293 1.663 0.285 35 15 65493
0.893 8.659 -1.69 0.498 1.428 0.309 35 15 65493
0.316 8.7 0.799 0.442 1.079 0.257 35 15 65493
-1.8 8.827 0.017 0.124 0.872 0.382 35 15 65493
1.041 17.448 -5.078 0.213 0.424 0.342 35 15 65493
0.63 12.478 0.223 0.286 0.361 0.145 41 17 65465
-2.856 6.477 -2.228 0.843 0.838 0.266 41 17 65465
0.806 5.131 -4.432 0.593 1.146 0.487 41 17 65465
-4.121 12.312 -1.569 0.209 0.914 0.435 41 17 65465
0.936 9.793 0.876 0.283 0.629 0.652 52 6 65492
-1.793 11.136 0.758 0.012 0.782 0.618 52 6 65492
-2.475 8.073 -1.444 0.463 0.883 0.437 52 6 65492
-3.439 8.228 -2.507 0.58 1.222 0.174 52 6 65492
-3.898 5.639 0.596 0.551 1.253 0.021 52 6 65492
0.543 2.135 -1.03 0.548 1.051 0.151 58 65532 65516
-2.218 9.506 -1.831 0.699 1.005 0.226 58 65532 65516
0.618 14.417 -5.732 0.354 0.662 0.138 58 65532 65516
6.466 3.904 0.538 0.057 0.351 0.186 58 65532 65516
0.228 10.816 0.16 0.261 1.15 0.005 64 18 65480
3.95 11.941 0.603 0.198 1.153 0.177 64 18 65480
3.184 9.504 -1.951 0.184 1.176 0.088 64 18 65480
1.408 11.31 0.837 0.444 1.33 0.165 64 18 65480
0.58 9.978 0.837 0.492 1.488 0.03 64 18 65480
1.745 14.822 -1.482 0.461 1.501 0.285 37 7 65487
0.407 9.775 0.287 0.493 1.267 0.298 37 7 65487
-6.254 14.051 1.252 0.174 0.715 0.201 37 7 65487
-4.231 18.78 0.912 0.447 0.503 0.231 37 7 65487
-3.377 8.076 0.247 0.713 0.7 0.265 33 65515 65527
0.215 6.145 -3.675 0.386 1.078 0.324 33 65515 65527
-4.079 11.488 0.416 0.021 1.35 0.155 33 65515 65527
-3.411 13.488 0.356 0.2 1.168 0.375 33 65515 65527
-1.285 13.002 1.493 0.247 0.986 0.582 33 65515 65527
-2.591 9.774 0.494 0.062 1.033 0.447 46 14 65492
-1.88 10.034 -1.368 0.242 1.023 0.228 46 14 65492
-2.54 8.48 0.518 0.349 1.245 0.051 46 14 65492
-1.895 4.299 0.657 0.414 1.282 0.139 46 14 65492
0.314 4.296 0.347 0.475 1.228 0.298 46 14 65492
-11.997 4.276 -9.22 0.649 1.21 0.335 42 65532 65506
4.838 15.737 0.55 0.03 0.405 0.16 42 65532 65506
6.264 5.025 0.634 0.108 0.529 0.176 42 65532 65506
1.794 10.649 -2.268 0.207 0.873 0.202 42 65532 65506
1.282 10.764 0.562 0.208 0.978 0.011 42 65532 65506
4.335 9.982 -1.414 0.087 0.947 0.146 47 65533 11
2.16 10.481 -1.339 0.212 1.152 0.123 47 65533 11
1.218 12.431 0.304 0.4 1.362 0.208 47 65533 11
2.093 10.286 -1.628 0.353 1.462 0.036 47 65533 11
2.742 8.407 -2.649 0.268 1.516 0.225 47 65533 11
0.061 6.764 -2.573 0.381 1.438 0.202 43 65523 65523
-1.193 8.315 1.001 0.204 1.077 0.339 43 65523 65523
-2.364 10.499 -1.362 0.153 0.689 0.262 43 65523 65523
-2.364 14.533 -3.781 0.309 0.43 0.124 43 65523 65523
-2.193 7.326 -1.953 0.67 0.471 0.013 43 65523 65523
1.552 2.99 -2.367 0.797 0.893 0.434 36 36 65528
-2.911 8.001 -1.88 0.092 1.313 0.172 36 36 65528
-7.37 11.212 -1.928 0.014 1.262 0.226 36 36 65528
-1.278 11.496 0.869 0.144 0.826 0.472 36 36 65528
-1.55 10.813 0.634 0.174 0.828 0.515 36 36 65528
0.536 10.374 0.78 0.165 0.92 0.399 32 8 18
-2.566 11.387 0.474 0.278 1.172 0.16 32 8 18
-3.643 8.544 0.901 0.457 1.306 0.013 32 8 18
-1.404 3.254 -1.437 0.521 1.206 0.207 32 8 18
2.389 10.986 2.401 0.587 1.083 0.362 32 8 18
0.901 18.127 -4.039 0.508 0.934 0.175 40 6 22
4.121 11.227 2.898 0.108 0.268 0.138 40 6 22
3.604 5.643 0.559 0.01 0.713 0.042 40 6 22
0.59 8.337 -2.31 0.297 1.043 0.189 40 6 22
2.695 10.831 -1.37 0.05 0.979 0.066 40 6 22
3.42 8.352 -1.948 0.193 0.972 0.001 41 35 5
2.315 8.078 -1.936 0.308 1.398 0.038 41 35 5
1.522 7.949 1.039 0.237 1.536 0.157 41 35 5
1.461 5.907 -4.271 0.282 1.399 0.188 41 35 5
0.555 5.368 -1.531 0.398 1.214 0.265 38 32 12
-1.073 8.505 0.487 0.087 0.79 0.325 38 32 12
-5.495 15.144 2.002 0.489 0.414 0.035 38 32 12
-1.303 15.57 -2.555 0.614 0.171 0.149 38 32 12
-1.959 5.608 0.278 0.545 0.647 0.172 38 32 12
3.609 10.401 0.792 0.285 1.096 0.39 20 65530 14
-7.008 12.184 1.106 0.025 1.37 0.18 20 65530 14
-4.176 8.044 -3.123 0.057 1.045 0.279 20 65530 14
0.671 8.652 0.312 0.299 0.983 0.52 20 65530 14
-3.514 9.139 0.373 0.229 1.157 0.448 20 65530 14
-2.39 12.257 0.165 0.077 1.171 0.231 13 21 1
-2.709 9.838 -1.796 0.271 1.281 0.061 13 21 1
-3.508 4.46 0.694 0.328 1.341 0.165 13 21 1
-2.434 1.705 0.905 0.358 1.23 0.352 13 21 1
3.199 -10.212 0.522 1.132 0.426 13 21 1 5.722
13.449 -3.305 0.202 0.452 0.061 38 30 65526 5.633
1.79 3.347 -4.618 0.249 0.89 0.193 38 30 65526
2.773 10.005 -1.589 0.304 0.95 0.108 38 30 65526
3.367 10.921 -1.541 0.16 0.914 0.081 38 30 65526
0.817 10.28 0.711 0.235 1.069 0.144 38 24 12
2.154 10.358 -1.581 0.345 1.343 0.193 38 24 12
1.714 7.685 -2.445 0.355 1.548 0.024 38 24 12
2.722 8.523 -3.11 0.372 1.541 0.228 38 24 12
0.639 9.734 0.077 0.525 1.453 0.222 38 24 12
-1.996 6.447 0.397 0.338 1.171 0.347 46 20 4
0.385 10.905 0.254 0.041 0.792 0.375 46 20 4
-1.628 15.934 -3.708 0.487 0.509 0.086 46 20 4
-2.577 10.351 -1.201 0.66 0.52 0.043 46 20 4
1.81 4.739 -2.298 0.869 0.968 0.466 46 20 4
-2.092 6.985 -3.074 0.394 1.335 0.378 47 19 25
-9.514 11.116 0.14 0.008 1.469 0.195 47 19 25
-3.18 8.741 0.428 0.175 1.005 0.453 47 19 25
0.792 8.5 0.5 0.143 0.761 0.526 47 19 25
-1.879 9.609 0.646 0.165 0.832 0.297 47 19 25
-1.46 10.809 -1.133 0.392 1.14 0.132 38 36 42
-4.079 8.58 -1.084 0.483 1.411 0.025 38 36 42
0.451 1.531 -2.956 0.466 1.284 0.237 38 36 42
4.339 13.284 4.762 0.457 1.1 0.417 38 36 42
-2.464 19.612 -1.702 0.481 1.096 0.21 38 36 42
6.109 9.935 1.841 0.084 0.297 0.134 37 45 19
5.395 5.669 0.936 0.038 0.462 0.02 37 45 19
0.614 9.361 -1.288 0.425 0.996 0.183 37 45 19
2.57 12.221 -1.302 0.277 1.097 0.047 37 45 19
5.685 8.489 -2.973 0.27 0.93 0.022 37 45 19
3.556 9.603 -2.117 0.329 1.041 0.227 24 48 46
1.958 9.654 -1.958 0.396 1.368 0.147 24 48 46
2.628 6.382 -2.262 0.436 1.491 0.113 24 48 46
2.135 9.598 -2.442 0.54 1.484 0.281 24 48 46
0.984 6.472 0.705 0.593 1.343 0.219 24 48 46
-1.75 6.214 0.536 0.307 0.997 0.309 24 96 14
0.045 16.685 0.009 0.062 0.563 0.234 24 96 14
-2.546 19.375 -1.444 0.46 0.423 0.039 24 96 14
-2.433 3.598 -1.188 0.735 0.724 0.228 24 96 14
-2.901 10.175 -2.012 0.611 1.151 0.524 24 96 14
-4.793 7.606 -2.646 0.267 1.356 0.271 43 57 13
-5.898 7.273 -1.156 0.182 1.301 0.29 43 57 13
-3.86 6.951 -1.744 0.307 0.989 0.534 43 57 13
-2.44 8.675 0.095 0.052 0.774 0.405 43 57 13
0.709 9.239 0.687 0.334 0.832 0.163 43 57 13
-2.667 9.805 -1.756 0.473 1.198 0.024 29 63 65529
-3.643 6.24 0.849 0.442 1.328 0.14 29 63 65529
0.426 1.624 -1.316 0.384 1.178 0.31 29 63 65529
-11.314 3.615 -7.672 0.657 1.263 0.35 29 63 65529
6.727 13.921 -4.05 0.169 0.474 0.084 29 63 65529
8.888 8.35 1.908 0.07 0.26 0.096 34 64 36
3.08 4.187 -4.005 0.205 0.723 0.175 34 64 36
1.667 10.224 -1.608 0.357 1.004 0.044 34 64 36
4.732 9.382 -2.758 0.319 0.887 0.036 34 64 36
3.554 6.824 -3.587 0.331 1.012 0.218 34 64 36
2.841 8.942 -1.687 0.477 1.38 0.245 24 96 2
0.842 8.133 -2.048 0.46 1.625 0.035 24 96 2
3.904 6.623 -4.058 0.507 1.565 0.318 24 96 2
0.976 11.194 0.444 0.69 1.381 0.244 24 96 2
0.201 6.739 0.175 0.49 1.084 0.275 24 96 2
0.14 9.108 0.427 0.065 0.872 0.389 14 62 20
-1.446 15.212 -5.437 0.265 0.539 0.245 14 62 20
-2.626 11.768 0.825 0.433 0.653 0.052 14 62 20
-1.304 4.098 -2.91 0.927 1.014 0.486 14 62 20
0.15 11.143 -3.023 0.641 1.261 0.523 14 62 20
-3.175 4.248 -4.019 0.148 1.278 0.293 39 73 65485
-4.819 11.455 0.906 0.302 1.119 0.445 39 73 65485
-1.935 10.731 0.525 0.256 0.817 0.6 39 73 65485
-1.249 9.142 0.659 0.386 0.671 0.412 39 73 65485
-2.504 9.619 -1.514 0.582 0.91 0.139 39 73 65485
-1.939 8.257 0.736 0.624 1.154 0.017 20 68 14
-2.323 10.159 1.155 0.595 1.272 0.157 20 68 14
0.384 4.808 0.183 0.682 0.973 0.315 20 68 14
5.058 -9.021 0.784 0.998 0.314 20 68 14 2.911
12.595 -3.234 0.013 0.275 0.064 20 68 14 6.852 6.005 0.362 0.059 0.295 0.022 21 81 65511
4.164 7.248 -3.126 0.195 0.892 0.188 21 81 65511
1.344 8.75 -1.796 0.26 1.18 0 21 81 65511
4.06 10.146 -1.698 0.339 1.042 0.023 21 81 65511
1.674 11.366 -1.867 0.415 1.211 0.263 21 81 65511
2 9.054 -1.709 0.605 1.443 0.233 12 88 65526
1.461 7.709 -1.502 0.615 1.635 0.017 12 88 65526
1.025 9.258 -2.62 0.501 1.571 0.208 12 88 65526
-1.284 9.719 0.119 0.535 1.274 0.238 12 88 65526
-2.381 10.303 1.83 0.285 0.89 0.243 12 88 65526
0.574 12.286 -1.823 0.063 0.475 0.22 29 107 65515
-2.645 17.784 -3.743 0.266 0.309 0.054 29 107 65515
-2.877 10.414 0.019 0.6 0.841 0.156 29 107 65515
0.397 6.05 -3.452 0.846 1.176 0.627 29 107 65515
-1.831 7.178 -4.311 0.31 1.342 0.403 29 107 65515
-3.732 13.51 0.811 0.116 1.267 0.36 39 77 65519
0.569 10.963 0.353 0.27 0.812 0.53 39 77 65519
0.748 10.424 2.047 0.049 0.741 0.506 39 77 65519
-1.078 12.831 0.69 0.371 0.947 0.22 39 77 65519
-1.794 11.711 -1.464 0.548 1.305 0.057 39 77 65519
-1.719 5.244 0.676 0.587 1.327 0.082 21 93 65479
0.21 0.824 -1.744 0.448 1.135 0.274 21 93 65479
-9.176 3.845 -6.612 0.588 1.059 0.334 21 93 65479
4.345 17.293 -4.044 0.131 0.427 0.116 21 93 65479
8.954 9.322 2.655 0.016 0.3 0.214 21 93 65479
0.239 8.003 -1.43 0.027 0.802 0.064 45 113 65477
0.084 10.885 -1.306 0.265 1.054 0.054 45 113 65477
4.423 10.019 -1.571 0.237 0.863 0.014 45 113 65477
3.979 7.121 -2.984 0.26 1.054 0.202 45 113 65477
1.193 10.912 0.69 0.375 1.494 0.222 45 113 65477
1.329 8.234 -2.176 0.356 1.68 0.007 22 130 65500
1.526 9.534 -2.625 0.406 1.667 0.25 22 130 65500
0.084 6.277 -1.449 0.53 1.47 0.261 22 130 65500
0.02 10.612 1.464 0.371 1.125 0.241 22 130 65500
0.196 10.042 -2.202 0.039 0.733 0.279 22 130 65500
0.714 14.041 -4.582 0.536 0.445 0.033 14 80 65506
-2.731 10.539 -1.236 0.755 0.724 0.021 14 80 65506
1.719 6.989 -2.081 0.932 1.149 0.53 14 80 65506
-2.658 8.153 -2.498 0.495 1.414 0.41 14 80 65506
-7.195 11.428 0.284 0.091 1.437 0.258 14 80 65506
-4.203 10.684 0.259 0.178 1.07 0.495 34 72 65460
0.889 12.017 2.063 0.021 0.739 0.515 34 72 65460
0.885 12.102 0.897 0.361 0.755 0.272 34 72 65460
-1.976 10.079 -1.966 0.558 1.123 0.06 34 72 65460
-3.286 6.968 0.802 0.456 1.383 0.094 34 72 65460
-1.721 5.795 0.017 0.405 1.26 0.26 9 101 65481
2.827 9.05 2.161 0.631 1.137 0.38 9 101 65481
-1.259 19.612 -1.584 0.383 0.981 0.16 9 101 65481
6.345 9.641 1.607 0.026 0.316 0.149 9 101 65481
3.111 8.953 3.172 0.017 0.568 0.003 9 101 65481
1.106 12.795 0.725 0.379 1.001 0.113 47 91 65455
2.14 11.894 0.478 0.314 1.133 0.06 47 91 65455
2.306 10.408 -1.461 0.249 0.982 0.058 47 91 65455
1.598 11.302 -1.173 0.301 1.003 0.262 47 91 65455
2.257 9.374 -1.373 0.363 1.271 0.161 47 91 65455
1.757 7.056 -1.605 0.405 1.406 0.054 29 97 65483
2.291 8.013 -2.946 0.537 1.335 0.251 29 97 65483
1.116 5.722 0.375 0.491 1.103 0.178 29 97 65483
-1.801 8.558 0.456 0.125 0.834 0.007 29 97 65483
-4.49 15.217 0.008 0.278 0.546 0.157 29 97 65483
-5.046 19.233 -2.035 0.446 0.273 0.176 25 77 65453
-1.065 4.826 0.495 0.607 0.595 0.272 25 77 65453
0.436 9.816 -3.792 0.338 1.06 0.431 25 77 65453
-4.402 10.274 0.335 0.059 1.317 0.229 25 77 65453
-4.259 12.428 0.685 0.216 1.217 0.312 25 77 65453
-1.671 10.308 0.533 0.245 1.018 0.425 37 61 65459
-1.149 7.18 0.587 0.002 0.977 0.253 37 61 65459
-1.521 10.612 0.548 0.265 1.081 0.026 37 61 65459
-2.069 10.465 0.016 0.376 1.315 0.175 37 61 65459
0.828 7.862 0.231 0.37 1.346 0.377 37 61 65459
-6.125 0.665 -5.254 0.579 1.337 0.446 53 69 65461
0.201 10.753 -5.966 0.138 0.483 0.141 53 69 65461
7.6 11.59 1.323 0.309 0.057 0.118 53 69 65461
3.335 6.872 0.573 0.174 0.435 0.085 53 69 65461
1.703 11.374 0.711 0.201 0.637 0.134 53 69 65461
4.511 11.118 -1.906 0.094 0.72 0.011 8 64 65436
5.84 6.272 -4.211 0.219 0.964 0.106 8 64 65436
3.505 10.135 0.913 0.355 1.401 0.244 8 64 65436
3.088 6.686 -2.1 0.292 1.676 0.081 8 64 65436
1.233 8.265 -1.675 0.265 1.665 0.11 8 64 65436
2.118 8.309 -3.488 0.339 1.488 0.278 22 46 65462
3.649 6.894 0.374 0.47 1.181 0.191 22 46 65462
-2.297 8.366 2.108 0.167 1.05 0.226 22 46 65462
0.08 11.064 -1.297 0.248 0.707 0.3 22 46 65462
2.032 13.573 -5.159 0.521 0.31 0.115 22 46 65462
-5.732 9.53 -1.887 0.522 0.458 0.004 15 29 65475
-2.552 7.905 -2.443 0.918 0.935 0.509 15 29 65475
1.458 9.423 -3.05 0.352 1.269 0.494 15 29 65475
-5.026 6.97 -1.889 0.209 1.307 0.361 15 29 65475
-4.621 11.935 0.701 0.071 0.896 0.527 15 29 65475
-1.441 8.853 1.025 0.023 0.823 0.592 17 43 65433
0.038 7.575 1.314 0.36 0.964 0.415 17 43 65433
-1.094 10.627 0.6 0.382 1.287 0.208 17 43 65433
-1.953 10.585 0.288 0.456 1.354 0.033 17 43 65433
-2.491 5.972 0.648 0.769 1.19 0.263 17 43 65433
0.336 6.58 0.788 0.904 1.065 0.298 51 53 65423
-3.043 19.612 0.08 0.041 0.57 0.094 51 53 65423
4.013 13.971 2.167 0.027 0.266 0.009 51 53 65423
4.252 5.603 0.05 0.025 0.79 0.034 51 53 65423
0.738 11.212 1.253 0.516 1.097 0.003 51 53 65423
2.664 13.35 0.202 0.238 1.037 0.021 36 30 65450
2.686 9.752 -1.508 0.129 1.098 0.111 36 30 65450
2.768 10.753 -2.097 0.355 1.164 0.19 36 30 65450
0.814 9.144 0.239 0.696 1.368 0.021 36 30 65450
0.384 9.846 -1.813 0.505 1.546 0.042 36 30 65450
2.801 8.222 0.993 0.484 1.273 0.23 30 58 65434
-1.678 8.07 2.05 0.393 1.051 0.141 30 58 65434
1.292 14.674 0.907 0.175 0.758 0.009 30 58 65434
-3.653 17.198 1.983 0.444 0.694 0.193 30 58 65434
-4.346 12.008 -2.073 0.738 0.605 0.238 30 58 65434
-1.942 5.389 -2.361 0.831 0.786 0.301 11 21 65479
-1.74 6.979 -3.967 0.39 1.122 0.267 11 21 65479
6.71 -2.011 0.039 1.292 0.125 11 21 65479 -3.904
9.58 0.991 0.182 0.941 0.356 11 21 65479 0.052 9.32 0.603 0.145 0.764 0.406 11 21 65479
0.034 9.563 1.073 0.082 0.889 0.203 20 10 65488
-1.705 9.776 -1.843 0.301 1.128 0.039 20 10 65488
-1.562 11.642 0.907 0.289 1.341 0.228 20 10 65488
-1.559 6.036 0.42 0.551 1.321 0.381 20 10 65488
-2.669 9.387 -1.177 0.314 0.98 0.318 20 10 65488
3.728 6.98 -4.497 0.326 0.258 0.094 48 30 65480
5.328 10.88 1.969 0.439 0.375 0.1 48 30 65480
1.282 4.587 -1.611 0.26 0.961 0.086 48 30 65480
3.649 8.851 -1.739 0.295 0.937 0.025 48 30 65480
3.714 10.933 -1.465 0.223 0.816 0.042 48 30 65480
2.682 9.084 -2.62 0.311 0.943 0.167 47 25 65445
4 6.277 -3.332 0.473 1.269 0.104 47 25 65445
3.327 8.049 -2.002 0.506 1.566 0.062 47 25 65445
1.88 8.643 -1.31 0.5 1.628 0.147 47 25 65445
1.625 11.504 0.615 0.53 1.322 0.254 47 25 65445
0.122 4.82 0.106 0.522 1.175 0.404 37 3 65459
0.389 9.132 1.507 0.323 0.905 0.43 37 3 65459
-1.089 19.612 0.387 0.023 0.646 0.202 37 3 65459
-3.318 18.844 0.56 0.446 0.604 0.196 37 3 65459
0.738 4.947 0.46 0.933 0.833 0.324 37 3 65459
1.491 7.474 -4.118 0.593 1.159 0.481 42 65526 65488
-3.702 7.493 -3.326 0.113 1.401 0.34 42 65526 65488
-2.434 9.702 0.45 0.252 0.665 0.594 42 65526 65488
-1.08 9.339 0.023 0.12 0.703 0.464 42 65526 65488
-1.227 9.743 -1.721 0.367 0.942 0.226 39 65531 65477
-3.24 6.769 -2.217 0.434 1.235 0.068 39 65531 65477
-3.23 7.578 0.087 0.262 1.234 0.093 39 65531 65477
2.112 7.657 1.556 0.554 1.076 0.257 39 65531 65477
-2.742 7.918 -5.655 0.648 1.034 0.175 39 65531 65477
6.308 18.089 0.741 0.423 0.212 0.16 40 65518 65446
3.357 8.524 -2.5 0.176 0.573 0.09 40 65518 65446
3.098 4.461 -1.75 0.077 0.921 0.015 40 65518 65446
3.581 11.863 0.627 0.523 0.918 0.097 40 65518 65446
4.88 7.919 -1.722 0.244 0.888 0.024 40 65518 65446
5.796 4.945 -4.515 0.237 1.058 0.145 18 65496 65480
2.533 11.908 0.627 0.511 1.437 0.041 18 65496 65480
0.559 8.242 0.56 0.401 1.623 0.135 18 65496 65480
2.248 8.579 -3.092 0.543 1.519 0.27 18 65496 65480
0.611 8.281 0.952 0.597 1.403 0.371 18 65496 65480
-1.933 8.662 0.05 0.272 1.004 0.313 43 23 65467
-1.41 19.612 0.222 0.107 0.634 0.101 43 23 65467
-5.626 16.237 0.566 0.421 0.607 0.225 43 23 65467
-4.064 3.022 -4.2 0.85 0.874 0.191 43 23 65467
0.211 4.018 -2.403 0.549 1.142 0.425 43 23 65467
-3.53 11.391 -2.834 0.134 1.281 0.172 43 65511 65471
-6.211 12.64 0.32 0.206 1.082 0.304 43 65511 65471
0.191 10.778 0.602 0.255 0.652 0.536 43 65511 65471
0.319 10.978 0.483 0.065 0.69 0.44 43 65511 65471
-1.485 10.839 0.834 0.217 0.927 0.25 43 65511 65471
-2.741 8.619 0.55 0.508 1.333 0.164 31 65507 65457
0.377 4.46 1.152 0.552 1.19 0.311 31 65507 65457
-9.483 0.603 -9.133 0.722 1.135 0.349 31 65507 65457
5.596 12.794 -4.833 0.03 0.423 0.069 31 65507 65457
8.251 7.061 1.823 0.055 0.296 0.102 32 65520 65512
1.335 3.438 -2.06 0.09 0.824 0.141 32 65520 65512
1.945 8.299 -2.05 0.131 1.025 0.025 32 65520 65512
4.362 9.155 -2.181 0.116 0.971 0.107 32 65520 65512
2.076 8.895 -1.674 0.233 1.103 0.126 32 65520 65512
3.014 10.819 0.77 0.382 1.283 0.175 49 1 65479
2.098 8.288 -1.504 0.316 1.551 0.014 49 1 65479
1.003 7.252 -2.43 0.284 1.647 0.149 49 1 65479
-1.145 9.163 -1.149 0.452 1.434 0.271 49 1 65479
-1.345 9.011 1.319 0.285 1.063 0.373 49 1 65479
0.026 10.927 0.067 0.079 0.713 0.299 7 65519 65535
-2.488 13.165 -5.528 0.521 0.502 0.036 7 65519 65535
-4.898 8.718 0.523 0.484 0.493 0.17 7 65519 65535
0.317 7.017 -2.566 0.687 0.896 0.357 7 65519 65535
-2.862 6.83 -1.898 0.183 1.287 0.321 7 65519 65535
-9.242 10.044 0.063 0.033 1.312 0.153 34 65522 65468
-3.014 8.602 0.475 0.137 0.985 0.437 34 65522 65468
-2.276 8.965 0.001 0.197 0.899 0.564 34 65522 65468
-1.381 11.275 0.812 0.045 0.958 0.409 34 65522 65468
-1.662 10.873 -1.337 0.277 1.138 0.241 34 65522 65468
-2.547 8.377 0.699 0.408 1.325 0.053 36 65518 65534
0.919 3.36 -1.505 0.458 1.276 0.129 36 65518 65534
2.311 6.864 1.787 0.496 1.128 0.254 36 65518 65534
-2.628 19.58 -5.588 0.536 1.074 0.14 36 65518 65534
6.03 10.159 2.685 0.169 0.327 0.156 36 65518 65534
3.472 5.617 0.712 0.116 0.567 0.001 17 5 65501
0.438 12.356 0.594 0.483 1.011 0.147 17 5 65501
1.96 13.332 -1.349 0.159 1.018 0.125 17 5 65501
3.87 10.607 -1.092 0.205 0.999 0.007 17 5 65501
1.689 11.581 -1.181 0.351 1.195 0.184 17 5 65501
2.877 8.574 -1.326 0.474 1.403 0.008 18 65524 4
2.592 9.422 0.859 0.44 1.607 0.176 18 65524 4
0.349 9.26 -4.218 0.472 1.595 0.182 18 65524 4
0.855 7.155 0.003 0.526 1.315 0.354 18 65524 4
-1.034 10.674 1.44 0.315 0.879 0.347 18 65524 4
-2.771 16.904 0.699 0.26 0.787 0.019 34 8 65514
-6.217 14.979 0.897 0.55 0.684 0.232 34 8 65514
0.567 7.609 -1.14 0.839 0.893 0.316 34 8 65514
0.386 8.07 -3.689 0.381 1.259 0.395 34 8 65514
-2.864 12.781 0.363 0.005 1.461 0.139 34 8 65514
-5.956 14.259 0.129 0.19 1.108 0.341 35 65519 13
0.323 7.694 0.663 0.26 0.755 0.554 35 65519 13
0.986 9.173 0.089 0.075 0.867 0.414 35 65519 13
-1.124 9.694 -1.673 0.21 1.062 0.213 35 65519 13
-3.956 9.052 -2.795 0.395 1.335 0.059 35 65519 13
-2.589 3.584 0.926 0.432 1.267 0.086 55 65529 65515
0.603 0.252 -2.245 0.424 1.093 0.291 55 65529 65515
-10.207 5.163 -9.962 0.547 1.075 0.367 55 65529 65515
4.266 15.154 -2.002 0.109 0.333 0.1 55 65529 65515
4.526 6.879 1.288 0.016 0.397 0.101 55 65529 65515
1.304 7.223 -3.215 0.1 0.842 0.14 54 18 65518
1.968 10.371 -2.394 0.131 1.032 0.04 54 18 65518
5.419 8.894 -1.666 0.148 0.993 0.097 54 18 65518
1.906 10.145 -1.15 0.22 1.164 0.124 54 18 65518
1.763 10.804 -1.667 0.34 1.449 0.074 54 18 65518
2.768 9.111 -1.801 0.275 1.626 0.127 14 14 2
2.102 9.048 -2.76 0.254 1.654 0.176 14 14 2
0.774 5.907 -1.318 0.401 1.436 0.316 14 14 2
-1.319 5.006 0.205 0.217 1.02 0.469 14 14 2
0.353 12.413 0.706 0.122 0.654 0.337 14 14 2
-1.668 11.617 -4.028 0.63 0.473 0.092 15 5 23
0.731 9.501 0.782 0.685 0.561 0.025 15 5 23
3.148 7.747 -1.753 0.762 0.916 0.454 15 5 23
-2.27 6.976 -2.074 0.316 1.307 0.294 15 5 23
-9.556 9.16 -1.265 0.015 1.341 0.165 15 5 23
-2.835 10.621 0.689 0.184 0.895 0.493 37 25 17
-2.012 9.291 0.318 0.215 0.86 0.588 37 25 17
-1.58 9.756 0.284 0.044 1.005 0.387 37 25 17
-3.093 10.479 -1.72 0.253 1.255 0.217 37 25 17
-2.946 7.345 -1.752 0.429 1.368 0.092 37 25 17
-2.695 3.7 -1.405 0.487 1.247 0.084 53 15 23
0.114 5.346 0.703 0.441 1.054 0.334 53 15 23
-8.876 15.502 -6.902 0.504 1.101 0.348 53 15 23
5.989 12.085 0.724 0.037 0.398 0.162 53 15 23
6.527 5.766 0.543 0.071 0.508 0.075 53 15 23
-1.473 15.316 0.316 0.257 0.919 0.192 44 42 65532
1.748 11.353 0.371 0.132 0.953 0.011 44 42 65532
3.865 7.656 -3.196 0.228 0.934 0.051 44 42 65532
1.622 10.973 -1.145 0.3 1.006 0.131 44 42 65532
1.284 12.039 0.33 0.497 1.211 0.009 44 42 65532
3.088 9.27 0.714 0.435 1.461 0.141 25 17 29
0.001 9.459 -3.242 0.376 1.491 0.186 25 17 29
0.056 10.141 0.393 0.539 1.295 0.353 25 17 29
-1.932 7.475 0.699 0.318 0.969 0.41 25 17 29
-1.473 12.889 0.143 0.157 0.604 0.068 25 17 29
-7.323 17.707 -1.726 0.61 0.505 0.218 27 61 21
-3.694 6.133 -1.923 0.836 0.613 0.127 27 61 21
2.816 6.047 -2.148 0.613 1.008 0.335 27 61 21
-2.466 9.916 -2.032 0.157 1.343 0.066 27 61 21
-6.904 13.049 0.931 0.064 1.22 0.223 27 61 21
-1.787 10.368 0.056 0.243 0.733 0.491 15 51 65533
0.175 6.347 -2.073 0.188 0.845 0.441 15 51 65533
0.768 11.176 0.117 0.053 1.077 0.24 15 51 65533
-4.461 10.346 -2.44 0.404 1.34 0.077 15 51 65533
-3.963 4.521 0.594 0.533 1.381 0.064 15 51 65533
-2.394 4.44 0.414 0.519 1.247 0.258 28 42 65534
-5.319 8.905 -2.992 0.568 1.026 0.445 28 42 65534
4.941 11.506 -5.872 0.132 0.506 0.034 28 42 65534
9.542 2.741 1 0.081 0.308 0.147 28 42 65534
0.427 9.698 0.915 0.048 0.808 0.144 28 42 65534
0.128 10.74 -1.637 0.128 0.941 0.162 24 58 65526
3.896 7.711 -3.065 0.123 0.796 0.021 24 58 65526
4.386 5.517 -2.833 0.24 0.895 0.166 24 58 65526
2.652 12.471 -1.416 0.367 1.253 0.171 24 58 65526
1.581 10.682 -1.047 0.327 1.526 0.041 24 58 65526
0.872 8.11 0.948 0.275 1.614 0.087 42 86 14
0.343 8.696 -2.705 0.423 1.512 0.136 42 86 14
-1.011 6.476 0.08 0.483 1.19 0.334 42 86 14
-2.035 10.719 0.938 0.221 0.782 0.375 42 86 14
-4.437 19.612 1.082 0.212 0.39 0.086 42 86 14
-3.663 17.219 0.999 0.545 0.366 0.075 42 58 65518
-1.134 5.706 -1.228 0.864 0.782 0.337 42 58 65518
0.286 7.779 -3.409 0.443 1.195 0.392 42 58 65518
-8.179 10.316 0.033 0.032 1.451 0.169 42 58 65518
-4.902 10.365 -2.279 0.182 1.043 0.365 42 58 65518
1.03 4.665 -1.431 0.242 0.749 0.514 35 71 65523
0.07 9.393 0.393 0.05 0.924 0.346 35 71 65523
-2.14 9.935 -1.176 0.268 1.155 0.14 35 71 65523
-3.59 10.164 -1.012 0.421 1.393 0.009 35 71 65523
-1.131 4.132 -1.048 0.52 1.318 0.168 35 71 65523
0.779 11.004 2.372 0.506 1.142 0.383 23 69 1
-7.923 19.612 -3.574 0.502 1.005 0.258 23 69 1
6.521 12.113 1.522 0.207 0.111 0.139 23 69 1
3.315 6.262 0.304 0.148 0.477 0.077 23 69 1
0.007 12.348 0.005 0.261 0.871 0.2 23 69 1
0.021 14.001 0.505 0.134 0.925 0.009 29 67 65521
3.55 8.819 0.885 0.151 0.856 0.01 29 67 65521
3.821 6.999 -3.682 0.245 1.113 0.257 29 67 65521
1.091 12.819 0.292 0.39 1.439 0.166 29 67 65521
2.334 8.135 -1.558 0.311 1.631 0.104 29 67 65521
1.856 8.243 -3.257 0.353 1.558 0.155 36 78 65520
0.105 8.197 0.353 0.525 1.376 0.17 36 78 65520
0.084 5.499 0.287 0.348 1.032 0.354 36 78 65520
1.25 9.04 0.903 0.013 0.616 0.294 36 78 65520
1.511 14.639 -4.827 0.379 0.398 0.01 36 78 65520
-2.922 9.671 0.481 0.555 0.597 0.046 24 80 0
2.456 4.086 -3.095 0.804 0.939 0.51 24 80 0
-2.448 8.728 -3.524 0.234 1.307 0.38 24 80 0
-8.759 9.469 0.919 0.011 1.349 0.261 24 80 0
0.756 6.273 -1.757 0.23 0.948 0.477 24 80 0
-2.227 10.347 0.487 0.137 0.742 0.505 15 87 65531
0.617 10.096 0.756 0.25 0.774 0.27 15 87 65531
-1.661 14.966 -1.301 0.48 1.015 0.063 15 87 65531
-2.488 8.428 0.906 0.469 1.239 0.085 15 87 65531
-2.384 2.419 -1.768 0.477 1.12 0.269 15 87 65531
2.792 5.846 0.973 0.555 1.07 0.346 37 97 65525
-3.057 19.612 -2.749 0.498 1.01 0.097 37 97 65525
3.594 9.209 1.531 0.058 0.275 0.134 37 97 65525
4.781 3.73 0.635 0.037 0.49 0.018 37 97 65525
1.484 12.144 0.017 0.482 0.96 0.166 37 97 65525
1.836 12.318 -1.175 0.345 1.176 0.032 17 75 65519
2.416 10 -1.936 0.346 0.989 0.069 17 75 65519
3.296 10.903 -1.611 0.405 1.036 0.236 17 75 65519
0.043 11.115 -1.32 0.445 1.361 0.177 17 75 65519
2.041 7.132 -2.567 0.469 1.463 0.073 17 75 65519
2.432 9.176 -2.7 0.534 1.448 0.264 43 113 65513
0.749 10.058 1.617 0.567 1.269 0.185 43 113 65513
-1.067 5.972 0.481 0.235 0.894 0.225 43 113 65513
0.099 15.486 -1.774 0.17 0.509 0.168 43 113 65513
-3.394 19.612 0.173 0.345 0.504 0.113 43 113 65513
-2.713 6.119 0.653 0.767 0.837 0.256 33 105 65513
0.215 5.825 -5.437 0.623 1.22 0.49 33 105 65513
-4.258 9.147 -1.185 0.152 1.456 0.259 33 105 65513
-6.178 9.433 -1.851 0.172 1.341 0.295 33 105 65513
-2.372 11.105 1.261 0.252 0.933 0.484 33 105 65513
-2.725 10.778 0.987 0.177 0.742 0.334 30 100 65480
-1.199 10.728 0.773 0.427 0.774 0.062 30 100 65480
-2.343 9.245 0.714 0.467 1.119 0.108 30 100 65480
0.995 3.55 -1.381 0.497 1.206 0.288 30 100 65480
-2.829 12.896 -2.312 0.515 0.955 0.257 54 98 65474
6.465 4.729 -2.352 0.368 0.072 0.023 54 98 65474
5.706 5.668 0.21 0.077 0.388 0.02 54 98 65474
0.372 9.328 0.828 0.391 0.912 0.158 54 98 65474
1.775 11.651 -1.51 0.34 1.026 0.008 54 98 65474
4.675 11.022 -1.201 0.375 0.927 0.035 25 99 65511
2.937 11.415 -2.201 0.345 1.145 0.296 25 99 65511
3.288 4.679 -3.266 0.424 1.507 0.191 25 99 65511
1.576 7.941 -1.874 0.539 1.652 0.026 25 99 65511
1.838 9.163 -2.78 0.575 1.553 0.219 25 99 65511
0.805 8.469 0.503 0.647 1.269 0.17 34 80 65474
-2.428 8.117 0.514 0.384 1.056 0.203 34 80 65474
0.565 7.524 -2.548 0.115 0.568 0.26 34 80 65474
1.868 18.31 -4.28 0.292 0.32 0.169 34 80 65474
-3.975 15.525 0.938 0.377 0.658 0.03 34 80 65474
0.588 9.822 1.051 0.881 1.032 0.494 27 97 65489
0.951 5.155 -3.598 0.799 1.188 0.617 27 97 65489
-4.505 9.895 0.986 0.277 1.302 0.381 27 97 65489
-8.119 15.715 0.817 0.085 1.125 0.495 27 97 65489
-3.369 11.507 2.408 0.113 0.714 0.596 27 97 65489
0.116 9.923 0.55 0.556 0.57 0.312 37 97 65467
0.979 8.942 0.956 0.635 0.951 0.082 37 97 65467
-2.286 8.075 0.386 0.679 1.215 0.131 37 97 65467
-2.252 10.157 0.842 0.591 1.256 0.326 37 97 65467
-1.598 6.666 0.257 0.81 1.232 0.332 37 97 65467
1.128 12.774 -2.401 0.232 0.677 0.079 47 87 65477
4.548 13.508 1.69 0.167 0.174 0.109 47 87 65477
4.912 4.948 0.332 0.117 0.551 0.037 47 87 65477
2.135 10.533 0.535 0.456 1.083 0.045 47 87 65477
2.969 11.81 -1.155 0.368 1.128 0.107 47 87 65477
3.609 11.501 0.181 0.319 0.975 0.116 51 103 65471
2.662 8.334 -1.792 0.441 1.21 0.255 51 103 65471
1.453 9.492 -1.237 0.584 1.437 0.092 51 103 65471
1.807 8.591 -1.468 0.597 1.48 0.064 51 103 65471
2.294 7.609 -2.645 0.635 1.338 0.221 51 103 65471
0.494 7.329 0.238 0.566 1.073 0.216 40 106 65454
-1.041 9.246 0.311 0.187 0.785 0.144 40 106 65454
-3.584 13.625 -1.361 0.104 0.568 0.024 40 106 65454
-2.325 19.44 -1.185 0.278 0.313 0.147 40 106 65454
0.535 7.219 1.177 0.614 0.752 0.253 40 106 65454
0.749 6.142 -5.122 0.65 1.094 0.523 16 72 65478
-6.027 6.242 -3.914 0.074 1.436 0.31 16 72 65478
-4.513 10.795 0.424 0.16 1.236 0.386 16 72 65478
-1.46 12.128 0.102 0.239 0.956 0.497 16 72 65478
-1.886 9.78 0.005 0.017 0.916 0.384 16 72 65478
0.453 12.349 1.345 0.339 1.061 0.192 51 63 65461
-2.23 10.903 -1.85 0.544 1.369 0.017 51 63 65461
-3.825 3.914 0.976 0.487 1.419 0.235 51 63 65461
0.468 7.845 0.35 0.516 1.286 0.346 51 63 65461
-3.456 19.056 0.949 0.19 0.713 0.122 51 63 65461
6.734 13.687 0.433 0.205 0.076 0.133 33 53 65435
5.006 4.649 0.162 0.017 0.513 0.032 33 53 65435
0.58 11.122 0.193 0.191 0.809 0.074 33 53 65435
1.838 13.272 0.162 0.123 0.811 0.021 33 53 65435
3.399 13.354 0.562 0.213 0.886 0.08 33 53 65435
3.293 9.85 -2.965 0.229 1.187 0.217 65535 37 65459
3.49 5.695 -2.22 0.298 1.525 0.103 65535 37 65459
2.322 4.376 -3.13 0.262 1.74 0.142 65535 37 65459
2.27 8.02 -3.084 0.317 1.634 0.349 65535 37 65459
0.441 5.342 0.697 0.456 1.293 0.271 65535 37 65459
-2.251 9.598 0.75 0.168 0.936 0.223 46 64 65444
0.58 14.153 0.46 0.286 0.63 0.162 46 64 65444
1.557 13.281 -3.5 0.564 0.268 0.105 46 64 65444
-3.503 7.922 1.019 0.688 0.795 0.14 46 64 65444
0.936 7.059 -3.983 0.638 1.163 0.537 46 64 65444
-7.414 11.216 0.913 0.138 1.362 0.391 12 24 65426
-4.262 12.379 0.046 0.002 1.03 0.379 12 24 65426
-1.479 11.964 1.11 0.165 0.871 0.591 12 24 65426
-2.158 9.605 0.349 0.074 0.917 0.555 12 24 65426
0.593 9.364 1.175 0.194 0.928 0.269 12 24 65426
-3.469 11.053 -1.314 0.284 1.201 0.063 26 36 65434
-3.867 7.964 0.586 0.381 1.208 0.247 26 36 65434
1.189 8.423 0.502 0.718 1.103 0.257 26 36 65434
-5.141 -1.663 -6.282 0.981 1.178 0.183 26 36 65434
6.87 12.263 0.472 0.391 0.462 0.211 26 36 65434
7.662 7.115 2.431 0.21 0.53 0.133 38 52 65444
0.213 8.869 0.86 0.224 0.961 0.074 38 52 65444
1.218 10.075 0.744 0.049 0.928 0.017 38 52 65444
2.564 11.972 0.284 0.24 0.913 0.087 38 52 65444
2.313 6.992 -2.311 0.217 1.053 0.133 38 52 65444
2.468 10.755 0.1 0.41 1.345 0.111 38 82 65446
0.287 10.256 0.134 0.448 1.516 0.025 38 82 65446
0.634 9.783 -1.225 0.438 1.513 0.168 38 82 65446
0.762 9.825 0.323 0.566 1.379 0.29 38 82 65446
-1.443 8.352 1.683 0.294 1.038 0.196 38 82 65446
-1.2 11.219 1.053 0.079 0.728 0.026 32 38 65468
-3.148 9.874 -3.863 0.425 0.452 0.189 32 38 65468
-2.456 14.736 0.833 0.34 0.524 0.126 32 38 65468
2.33 7.139 -2.863 0.685 0.813 0.557 32 38 65468
-3.784 6.883 -2.142 0.093 1.35 0.272 32 38 65468
-5.73 13.991 0.088 0.148 1.351 0.251 31 21 65465
-1.856 8.206 -1.701 0.079 0.934 0.503 31 21 65465
-1.793 9.301 0.397 0.13 0.945 0.431 31 21 65465
0.238 10.813 0.175 0.105 0.999 0.261 31 21 65465
-2.236 10.134 -1.497 0.395 1.165 0.027 31 21 65465
-2.914 9.185 0.331 0.36 1.297 0.194 74 36 65454
0.014 6.393 0.292 0.451 1.278 0.363 74 36 65454
-7.984 1.063 -5.801 0.759 1.248 0.341 74 36 65454
4.097 11.221 -2.722 0.054 0.369 0.026 74 36 65454
7.576 10.739 3.271 0.348 0.136 0.149 74 36 65454
0.676 6.027 -1.92 0.3 0.788 0.12 63 13 65441
3.3 10.983 0.817 0.248 0.945 0.033 63 13 65441
2.761 11.451 0.956 0.186 0.925 0.113 63 13 65441
3.994 10.359 -2.676 0.249 0.951 0.134 63 13 65441
3.67 7.888 -2.792 0.342 1.243 0.125 63 13 65441
0.884 9.119 0.773 0.327 1.681 0.082 40 10 65488
2.446 9.692 0.703 0.353 1.614 0.305 40 10 65488
0.195 14.183 1.442 0.593 1.551 0.286 40 10 65488
-3.371 7.246 0.36 0.362 1.34 0.296 40 10 65488
0.083 11.31 0.519 0.128 0.868 0.284 40 10 65488
-3.106 14.791 -1.356 0.397 0.69 0.084 33 5 65453
-6.4 16.312 0.949 0.161 0.696 0.333 33 5 65453
-2.258 7.815 -3.977 0.667 1 0.341 33 5 65453
1.486 3.15 -5.072 0.534 1.252 0.475 33 5 65453
-5.256 8.151 -3.56 0.183 1.394 0.225 33 5 65453
-8.243 10.32 -1.224 0.104 1.174 0.37 38 14 65482
0.386 9.813 0.772 0.211 0.824 0.567 38 14 65482
0.404 8.54 0.243 0.178 0.808 0.508 38 14 65482
-1.307 10.746 -1.529 0.43 1.02 0.183 38 14 65482
-3.422 8.625 -2.218 0.462 1.325 0.009 38 14 65482
-3.173 5.419 0.514 0.44 1.327 0.15 70 4 65484
2.073 7.451 1.106 0.472 1.15 0.302 70 4 65484
-6.381 9.269 -6.252 0.799 1.142 0.245 70 4 65484
3.581 9.056 0.859 0.088 0.351 0.139 70 4 65484
7.68 6.305 1.728 0.146 0.199 0.135 70 4 65484
3.378 4.26 -3.518 0.315 0.797 0.155 66 65528 65482
1.072 11.598 0.541 0.369 1.14 0.097 66 65528 65482
3.476 9.114 -1.594 0.34 0.985 0.187 66 65528 65482
3.396 5.683 -3.694 0.273 0.942 0.099 66 65528 65482
2.754 11.387 -1.247 0.447 1.24 0.109 66 65528 65482
1.545 9.066 -1.979 0.463 1.52 0.115 50 12 65480
1.862 8.3 -2.529 0.41 1.59 0.285 50 12 65480
0.412 9.508 -1.461 0.58 1.416 0.273 50 12 65480
-1.363 10.49 1.963 0.413 0.974 0.294 50 12 65480
-1.049 15.198 1.501 0.126 0.732 0.101 50 12 65480
-4.402 17.339 -3.568 0.561 0.625 0.194 27 65529 65523
-1.563 4.807 -1.523 0.669 0.739 0.067 27 65529 65523
0.271 4.043 -4.636 0.614 1.103 0.447 27 65529 65523
-2.297 8.34 -2.212 0.162 1.439 0.211 27 65529 65523
-7.398 13.684 0.135 0.056 1.364 0.199 27 65529 65523
-1.185 9.469 -1.029 0.148 0.862 0.522 65532 2 65498
-2.545 11.154 1.671 0.176 0.906 0.522 65532 2 65498
-1.607 11.975 0.761 0.138 0.953 0.294 65532 2 65498
-1.489 9.609 -1.04 0.351 1.145 0.151 65532 2 65498
-3.715 8.72 0.691 0.395 1.33 0.083 65532 2 65498
0.062 2.847 -2.06 0.499 1.231 0.254 41 17 65505
5.014 13.402 4.206 0.611 1.075 0.386 41 17 65505
1.454 16.472 -4.813 0.457 0.824 0.048 41 17 65505
0.999 8.076 1.284 0.022 0.367 0.117 41 17 65505
3.168 4.745 -2.428 0.105 0.723 0.049 41 17 65505
-1.289 13.879 1.613 0.259 1.076 0.156 38 4 65502
2.068 10.812 -1.898 0.033 0.96 0.173 38 4 65502
4.529 9.479 -1.831 0.12 0.984 0.066 38 4 65502
3.72 7.157 -2.546 0.292 1.204 0.182 38 4 65502
3.021 11.053 -1.297 0.357 1.436 0.061 38 4 65502
2.482 5.942 -2.207 0.287 1.585 0.108 37 5 65535
0.112 9.973 -2.334 0.34 1.513 0.165 37 5 65535
0.707 9.18 2.365 0.365 1.208 0.329 37 5 65535
0.229 10.287 0.298 0.02 0.748 0.319 37 5 65535
-6.16 16.128 0.645 0.362 0.539 0.021 37 5 65535
-2.284 16.971 -1.748 0.581 0.298 0.17 23 5 65525
-3.44 6.734 0.398 0.662 0.75 0.252 23 5 65525
-1.011 9.903 -1.781 0.227 1.131 0.355 23 5 65525
-7.201 10.947 0.679 0.034 1.319 0.154 23 5 65525
-3.995 11.875 -1.005 0.102 1.084 0.316 23 5 65525
0.318 11.462 1.057 0.25 0.952 0.541 19 65531 65513
-2.286 12.422 0.883 0.142 1.054 0.399 19 65531 65513
-1.752 10.884 -1.308 0.189 1.029 0.216 19 65531 65513
-2.726 10.972 0.948 0.334 1.246 0.064 19 65531 65513
-2.958 3.051 -1.412 0.361 1.353 0.128 19 65531 65513
0.571 4.064 0.332 0.406 1.271 0.313 72 6 65514
-9.603 9.934 -8.014 0.592 1.236 0.302 72 6 65514
6.933 14.689 0.331 0.074 0.441 0.217 72 6 65514
4.645 6.522 0.386 0.25 0.462 0.103 72 6 65514
0.331 10.757 -1.359 0.474 0.832 0.208 72 6 65514
2.962 10.678 -1.465 0.226 0.96 0.073 23 5 65527
4.07 7.917 -2.92 0.1 1.009 0.11 23 5 65527
3.942 7.499 -2.412 0.312 1.062 0.168 23 5 65527
0.016 10.691 0.446 0.449 1.411 0.144 23 5 65527
1.968 6.694 -1.672 0.357 1.552 0.133 23 5 65527
4.565 4.886 -4.174 0.317 1.546 0.283 45 11 3
0.952 7.548 -1.994 0.506 1.403 0.236 45 11 3
-1.006 7.323 0.793 0.306 0.981 0.382 45 11 3
0.561 13.244 0.958 0.025 0.746 0.351 45 11 3
-2.588 14.044 -4.523 0.499 0.581 0.052 45 11 3
-2.658 8.483 0.284 0.689 0.695 0.084 16 65528 16
2.159 3.955 -2.246 0.798 1.022 0.532 16 65528 16
-2.656 10.623 -1.249 0.086 1.394 0.194 16 65528 16
-6.624 10.919 -2.173 0.018 1.264 0.325 16 65528 16