-3.731 12.773 0.235 0.292 0.154 0.029 24 100 65496
1.213 9.34 0.845 0.235 0.476 0.017 24 100 65496
0.822 9.33 0.227 0.014 0.271 0.16 24 100 65496
-1.72 7.827 -2.261 0.159 0.167 0.214 24 100 65496
0.914 8.184 -5.486 0.127 0.351 0.344 24 100 65496
-4.161 11.028 0.226 0.741 0.235 0.417 24 92 65508
2.157 19.25 1.771 0.221 0.092 0.088 24 92 65508
4.004 5.47 0.612 -1.221 0.327 0.336 24 92 65508
1.57 4.218 -2.201 0.669 0.035 0.106 24 92 65508
-1.656 7.401 -2.509 0.277 0.082 0.204 24 92 65508
1.912 10.558 -1.747 0.503 0.009 0.021 65530 88 65512
4.588 10.891 0.079 0.207 0.347 0.183 65530 88 65512
2.735 8.801 0.086 0.131 0.309 0.169 65530 88 65512
0.131 7.241 -1.318 0.184 0.031 0.019 65530 88 65512
1.382 12.55 -2.059 0.308 0.145 0.121 65530 88 65512
2.689 9.246 -1.313 0.338 0.209 0.155 8 118 65532
1.391 7.111 -5.301 0.467 0.077 0.332 8 118 65532
4.92 8.664 0.373 0.886 0.123 0.574 8 118 65532
0.342 5.537 -1.912 0.59 0.634 0.542 8 118 65532
-7.632 19.612 2.182 0.12 0.338 0.113 8 118 65532
-3.081 5.616 -1.994 -1.129 0.429 0.231 27 105 65503
-1.119 0.041 -2.879 0.609 0.114 0.137 27 105 65503
0.107 5.157 -1.322 0.179 0.106 0.095 27 105 65503
-4.37 10.407 -2.145 0.019 0.148 0.035 27 105 65503
-4.164 15.599 -1.162 0.207 0.144 0.136 27 105 65503
-1.486 14.324 1.549 0.123 0.027 0.068 28 108 65510
-2.34 9.078 0.089 0.119 0.116 0.104 28 108 65510
-2.602 8.338 -1.216 0.004 0.156 0.15 28 108 65510
-2.852 9.417 -5.425 0.206 0.109 0.334 28 108 65510
1.553 19.612 1.634 0.072 0.182 0.258 13 105 65511
4.121 7.079 0.881 -1.225 0.151 0.215 13 105 65511
1.763 0.715 -3.007 0.769 0.084 0.115 13 105 65511
0.466 5.558 -1.395 0.198 0.056 0.276 13 105 65511
2.203 12.514 -1.602 0.239 0.021 0.056 13 105 65511
4.235 10.223 0.248 0.356 0.376 0.198 65531 87 65515
2.299 9.65 0.43 0.054 0.224 0.13 65531 87 65515
0.677 9.417 0.225 0.18 0.047 0.015 65531 87 65515
1.107 14.365 0.665 0.217 0.158 0.125 65531 87 65515
3.74 8.857 -1.994 0.296 0.225 0.268 65531 87 65515
3.246 6.891 -4.411 0.404 0.12 0.396 22 86 65528
2.871 8.292 -2.652 0.781 0.036 0.555 22 86 65528
1.827 5.191 -2.336 0.618 0.51 0.63 22 86 65528
-7.723 19.612 3.142 0.097 0.298 0.043 22 86 65528
-6.319 1.575 -1.891 -1.237 0.334 0.189 22 86 65528
0.521 2.323 -2.857 0.436 0.265 0.065 16 102 65518
0.579 3.302 -2.497 0.301 0.222 0.082 16 102 65518
-2.695 11.826 -1.792 0.144 0.006 0.081 16 102 65518
-3.799 14.469 0.681 0.091 0.299 0.212 16 102 65518
-1.314 10.804 0.114 0.006 0.201 0.153 16 102 65518
-1.34 8.347 0.185 0.071 0.186 0.039 7 93 65533
-1.719 5.146 -2.839 0.037 0.221 0.165 7 93 65533
-1.71 6.495 -5.956 0.32 0.338 0.318 7 93 65533
-3.705 9.876 3.453 0.907 0.293 0.405 7 93 65533
0.092 19.612 2.315 0.231 0.277 0.368 7 93 65533
7.672 9.111 0.766 0.919 0.084 0.096 39 91 65503
0.905 0.46 -1.165 0.662 0.042 0.179 39 91 65503
0.943 2.668 -1.798 0.394 0.19 0.307 39 91 65503
3.111 13.729 0.33 0.138 0.102 0.123 39 91 65503
1.607 13.22 0.445 0.376 0.13 0.166 39 91 65503
-2.808 9.543 1.301 0.211 0.221 0.141 4 108 65530
1.035 10.308 1.309 0.04 0.023 0.011 4 108 65530
1.236 11.75 0.46 0.075 0.145 0.093 4 108 65530
2.315 7.287 -2.703 0.016 0.147 0.169 4 108 65530
3.424 7.742 -3.983 0.2 0.141 0.346 4 108 65530
2.366 8.555 -2.719 0.625 0.065 0.477 31 99 65519
-4.137 18.44 3.411 0.375 0.331 0.399 31 99 65519
-9.334 9.016 0.682 0.734 0.249 0.368 31 99 65519
-3.663 7.426 -1.867 0.88 0.878 0.283 31 99 65519
2.176 5.688 0.146 0.326 0.632 0.044 31 99 65519
0.278 5.036 -2.85 0.433 0.319 0.035 25 101 65501
-2.874 10.384 0.964 0.054 0.133 0.074 25 101 65501
-2.06 10.158 0.893 0.175 0.386 0.19 25 101 65501
-1.918 12.514 -2.202 0.335 0.306 0.057 25 101 65501
-3.135 10.154 0.802 0.425 0.272 0.17 25 101 65501
-3.06 8.692 -2.636 0.31 0.293 0.278 6 106 65532
-3.216 7.964 -2.195 0.827 0.406 0.353 6 106 65532
0.004 15.679 4.479 0.881 0.014 0.397 6 106 65532
3.257 19.612 4.15 0.349 0.056 0.198 6 106 65532
1.383 6.338 0.509 0.842 0.314 0.033 6 106 65532
0.462 1.733 -1.25 0.472 0.186 0.189 3 117 65517
1.334 7.034 0.876 0.205 0.33 0.13 3 117 65517
4.461 14.708 0.616 0.227 0.197 0.062 3 117 65517
2.843 12.218 -1.011 0.361 0.154 0.16 3 117 65517
0.034 7.074 -2.03 0.203 0.278 0.102 3 117 65517
0.64 7.667 0.944 0.02 0.066 0.025 8 94 65524
0.345 12.938 -1.304 0.019 0.198 0.096 8 94 65524
2.126 10.323 -2.398 0.039 0.337 0.183 8 94 65524
2.659 6.487 -3.746 0.26 0.253 0.271 8 94 65524
5.398 9.518 0.659 0.731 0.071 0.475 8 94 65524
-9.299 19.612 3.422 0.372 0.437 0.351 26 102 65522
-6.135 9.307 -2.547 0.695 0.457 0.337 26 102 65522
-2.852 4.651 -3.596 0.73 0.786 0.191 26 102 65522
2.061 2.12 -1.684 0.344 0.378 0.14 26 102 65522
-1.408 8.647 -1.507 0.153 0.081 0.061 26 102 65522
-2.795 11.678 0.225 0.101 0.325 0.157 10 98 65520
-2.865 8.552 -3.323 0.059 0.36 0.081 10 98 65520
-3.489 9.266 -1.034 0.152 0.247 0.075 10 98 65520
-2.154 8.348 -1.301 0.109 0.232 0.225 10 98 65520
-3.221 6.417 -6.216 0.075 0.31 0.268 10 98 65520
-3.313 5.77 -4.534 0.786 0.24 0.361 51 97 65519
1.739 19.029 6.18 0.699 0.177 0.298 51 97 65519
1.011 9.823 1.837 0.628 0.385 0.136 51 97 65519
0.013 2.991 -1.612 0.712 0.37 0.021 51 97 65519
-2.1 5.978 0.324 0.221 0.072 0.256 51 97 65519
1.667 9.921 -2.142 0.205 0.356 0.067 57 81 65511
2.616 10.522 0.448 0.297 0.326 0.142 57 81 65511
2.4 9.978 0.339 0.056 0.324 0.203 57 81 65511
1.071 5.621 -1.485 0.29 0.056 0.035 57 81 65511
2.704 10.147 -1.739 0.445 0.326 0.197 15 111 65533
1.903 6.598 -3.068 0.404 0.331 0.267 15 111 65533
4.047 11.495 -1.867 0.919 0.118 0.438 15 111 65533
2.078 3.604 -2.376 0.887 0.462 0.591 15 111 65533
-5.851 19.612 2.275 0.537 0.758 0.393 15 111 65533
-4.344 16.662 0.329 0.471 0.015 0.198 29 97 65509
-1.769 10.493 2.055 0.664 0.244 0.012 29 97 65509
1.727 0.11 -2.867 0.501 0.114 0.126 29 97 65509
-3.653 8.243 -1.781 0.192 0.316 0.055 29 97 65509
-5.365 14.228 -3.377 0.24 0.367 0.157 29 97 65509
-5.093 9.314 -4.716 0.15 0.012 0.134 39 87 65495
-3.393 7.283 -2.992 0.161 0.132 0.055 39 87 65495
-3.106 4.732 -2.946 0.071 0.106 0.155 39 87 65495
-3.046 7.474 -3.743 0.055 0.147 0.217 39 87 65495
-2.416 6.46 -5.256 0.477 0.153 0.373 39 87 65495
-4.024 14.938 0.136 0.608 0.098 0.467 26 88 65514
4.287 19.612 2.977 0.545 0.251 0.014 26 88 65514
2.715 8.283 1.926 -1.169 0.06 0.226 26 88 65514
-1.933 0.045 -1.752 0.628 0.067 0.263 26 88 65514
0.919 12.022 0.374 0.435 0.006 0.051 7 81 65509
3.903 9.813 -1.096 0.182 0.35 0.237 7 81 65509
1.443 7.382 -1.264 0.047 0.034 0.086 7 81 65509
1.3 6.975 -1.935 0.004 0.037 0.032 7 81 65509
1.679 7.23 -2.371 0.117 0.18 0.061 7 81 65509
2.523 10.508 -1.061 0.18 0.234 0.158 4 104 65534
2.11 9.727 -3.847 0.492 0.043 0.393 4 104 65534
3.71 7.911 1.24 0.737 0.245 0.59 4 104 65534
-4.829 19.612 1.31 0.314 0.593 0.381 4 104 65534
-7.485 15.723 -1.189 0.784 0.218 0.348 4 104 65534
-3.549 9.465 0.799 0.921 0.471 0.182 30 114 65502
1.581 4.144 0.09 0.378 0.247 0.098 30 114 65502
-3.611 5.183 -3.387 0.257 0.163 0.013 30 114 65502
-6.473 6.521 -4.177 0.045 0.243 0.1 30 114 65502
-6.054 11.006 -1.428 0.215 0.323 0.077 30 114 65502
-3.318 8.517 -1.361 0.076 0.241 0.029 35 111 65517
-3.198 8.696 -1.774 0.097 0.177 0.184 35 111 65517
-4.386 11.61 -2.823 0.06 0.211 0.27 35 111 65517
-2.659 7.577 -3.882 0.718 0.208 0.403 35 111 65517
1.432 18.862 3.907 0.682 0.137 0.342 35 111 65517
4.526 18.303 4.556 0.658 0.183 0.097 52 86 65504
4.243 3.173 -2.371 0.891 0.082 0.048 52 86 65504
-1.035 2.553 0.986 0.32 0.038 0.304 52 86 65504
1.163 8.566 -1.728 0.357 0.095 0.067 52 86 65504
3.743 11.538 0.201 0.26 0.342 0.184 52 86 65504
3.113 8.974 0.492 0.069 0.347 0.249 45 97 65501
0.577 6.739 0.02 0.179 0.03 0.017 45 97 65501
2.864 8.915 -1.81 0.4 0.32 0.062 45 97 65501
3.999 6.856 -3.633 0.438 0.257 0.191 45 97 65501
2.864 7.515 -3.806 0.879 0.043 0.493 17 111 65533
2.776 3.487 -1.49 0.92 0.497 0.582 17 111 65533
-7.083 19.612 2.303 0.607 0.542 0.298 17 111 65533
-3.847 12.442 -2.768 0.552 0.185 0.209 17 111 65533
0.808 3.423 0.573 0.638 0.098 0.039 17 111 65533
0.993 3.015 -1.243 0.423 0.25 0.173 0 98 65534
-2.504 7.341 -1.303 0.059 0.354 0.01 0 98 65534
-5.677 13.439 -3.821 0.282 0.278 0.073 0 98 65534
0.596 13.488 0.475 0.3 0.073 0.04 0 98 65534
-1.051 15.298 0.417 0.075 0.113 0.141 0 98 65534
-2.764 8.024 -1.458 0.068 0.061 0.227 66 100 65500
-1.844 9.05 -4.935 0.002 0.056 0.309 66 100 65500
-1.611 9.982 -2.858 0.648 0.141 0.428 66 100 65500
-1.016 19.612 3.725 0.339 0.122 0.324 66 100 65500
2.67 9.678 2.036 -1.146 0.037 0.217 66 100 65500
5.068 4.675 0.539 0.891 0.065 0.099 13 93 65513
-2.856 2.379 0.981 0.355 0.036 0.304 13 93 65513
0.931 7.161 -4.078 0.387 0.005 0.083 13 93 65513
3.126 10.93 0.764 0.394 0.243 0.189 13 93 65513
4.544 11.787 1.098 0.017 0.361 0.308 13 93 65513
1.156 11.678 1.363 0.042 0.015 0.075 27 103 65521
1.68 11.083 -1.197 0.122 0.088 0.039 27 103 65521
1.343 13.025 0.053 0.163 0.205 0.039 27 103 65521
3.854 7.402 -3.104 0.265 0.208 0.177 27 103 65521
3.86 3.965 -4.27 0.638 0.076 0.487 27 103 65521
1.022 2.979 0.5 0.709 0.514 0.658 21 83 65519
-10.207 13.371 -1.325 0.304 0.764 0.424 21 83 65519
-5.382 13.45 -2.688 0.559 0.062 0.218 21 83 65519
2.17 1.541 -2.098 0.54 0.177 0.201 21 83 65519
-3.739 6.672 -1.725 0.189 0.267 0.039 47 81 65497
-6.072 15.516 -2.598 0.25 0.247 0.091 47 81 65497
-3.701 15.025 1.695 0.082 0.051 0.043 47 81 65497
-1.528 11.957 0.584 0.116 0.073 0.084 47 81 65497
-2.025 5.318 -1.146 0.257 0.016 0.116 47 81 65497
-4.347 7.425 -7.016 0.037 0.112 0.244 74 90 65510
-3.833 8.781 -3.507 0.803 0.201 0.377 74 90 65510
4.169 19.612 6.05 0.319 0.042 0.269 74 90 65510
3.6 8.413 1.177 -1.067 0.195 0.165 74 90 65510
4.45 2.752 -3.087 -1.022 0.023 0.043 74 90 65510
-3.904 5.926 -4.108 0.37 0.076 0.247 55 99 65509
0.436 6.653 -2.176 0.651 0.18 0.057 55 99 65509
3.337 10.565 1.139 0.166 0.42 0.162 55 99 65509
3.071 10.223 0.524 0.101 0.483 0.195 55 99 65509
0.247 8.316 1.572 0.251 0.213 0.008 55 99 65509
2.008 12.076 0.222 0.441 0.288 0.158 30 100 65526
2.132 11.188 0.12 0.452 0.296 0.211 30 100 65526
2.064 8.444 -5.664 0.621 0.104 0.352 30 100 65526
4.515 6.362 -2.791 1.05 0.142 0.591 30 100 65526
1.387 1.533 -2.518 0.673 0.586 0.613 30 100 65526
-3.381 19.612 5.056 0.434 0.52 0.214 38 98 65518
-4.047 6.178 -3.187 0.877 0.101 0.237 38 98 65518
-3.028 1.023 -1.492 0.497 0.123 0.106 38 98 65518
1.189 4.047 -1.467 0.21 0.178 0.19 38 98 65518
-6.801 9.307 0.199 0.002 0.33 0.079 38 98 65518
-4.399 13.96 -4.035 0.16 0.075 0.184 34 78 65510
0.78 11.897 0.529 0.06 0.219 0.134 34 78 65510
0.984 8.694 -1.109 0.114 0.114 0.075 34 78 65510
-1.061 7.597 -1.522 0.116 0.085 0.22 34 78 65510
-2.955 7.141 -4.709 0.063 0.161 0.341 34 78 65510
-3.45 7.285 -4.268 0.583 0.297 0.416 73 89 65499
-2.03 19.612 3.032 0.569 0.118 0.438 73 89 65499
5.274 8.277 0.566 -1.019 0.026 0.18 73 89 65499
4.212 2.638 0.602 0.888 0.156 0.055 73 89 65499
1.796 10.37 -3.384 0.191 0.265 0.064 50 80 65510
2.381 11.475 0.851 0.393 0.031 0.04 50 80 65510
1.699 10.226 0.603 0.02 0.197 0.113 50 80 65510
0.168 10.864 1.663 0.028 0.055 0.104 50 80 65510
0.447 12.951 -1.139 0.002 0.069 0.205 50 80 65510
0.87 12.623 0.07 0.104 0.216 0.305 59 75 65505
3.836 6.194 -4.548 0.229 0.3 0.473 59 75 65505
3.174 11.545 -1.086 0.643 0.054 0.639 59 75 65505
-3.289 19.612 4.709 0.582 0.215 0.601 59 75 65505
-1.975 19.612 5.221 0.743 0.27 0.084 59 75 65505
-8.815 6.089 0.701 -1.095 0.86 0.203 44 84 65518
1.641 8.149 0.742 0.229 0.712 0.001 44 84 65518
-4.059 3.274 -1.62 0.437 0.196 0.098 44 84 65518
-3.748 10.202 -1.61 0.119 0.199 0.146 44 84 65518
-3.402 7.665 0.894 0.018 0.464 0.284 44 84 65518
-4.049 12.953 -2.693 0.357 0.436 0.252 59 105 65521
-1.572 7.046 0.863 0.474 0.232 0.086 59 105 65521
-1.805 8.763 -2.865 0.359 0.177 0.223 59 105 65521
-3.054 5.108 -5.474 0.713 0.49 0.385 59 105 65521
-5.568 10.62 1.622 1.099 0.414 0.405 59 105 65521
1.018 9.325 0.008 0.377 0.569 0.492 49 89 65513
0.688 19.612 1.667 0.043 0.675 0.317 49 89 65513
-2.41 2.075 0.574 0.531 0.463 0.185 49 89 65513
5.578 7.576 -2.225 0.115 0.589 0.07 49 89 65513
7.943 15.83 0.755 0.052 0.229 0.039 57 67 65515
1.983 12.216 0.035 0.432 0.255 0.075 57 67 65515
0.512 9.637 0.424 0.276 0.219 0.089 57 67 65515
0.101 8.722 -2.705 0.248 0.234 0.009 57 67 65515
1.557 9.416 -1.466 0.086 0.149 0.137 57 67 65515
0.67 8.694 -2.931 0.027 0.084 0.31 80 96 65506
0.561 12.726 -1.758 0.296 0.02 0.541 80 96 65506
-4.175 17.834 4.155 0.009 0.045 0.41 80 96 65506
-7.711 4.845 -1.484 -1.334 0.583 0.339 80 96 65506
-4.669 0.049 -4.086 -1.093 0.921 0.255 80 96 65506
1.496 7.028 0.019 0.318 0.68 0.095 55 101 65521
1.071 7.686 -1.823 0.467 0.347 0.042 55 101 65521
-1.656 10.139 0.817 0.141 0.208 0.07 55 101 65521
-2.843 7.705 -1.253 0.095 0.545 0.162 55 101 65521
-3.189 9.928 -2.647 0.389 0.453 0.071 55 101 65521
-4.238 10.129 -2.059 0.39 0.25 0.132 58 80 65528
0.635 5.289 -2.944 0.253 0.221 0.382 58 80 65528
-9.114 3.707 -6.314 0.748 0.598 0.491 58 80 65528
-2.861 14.72 2.554 1.08 0.27 0.469 58 80 65528
0.608 19.612 1.243 0.127 0.188 0.256 58 80 65528
-1.8 5.849 0.854 0.751 0.389 0.041 64 66 65518
0.442 2.614 -1.343 0.305 0.371 0.341 64 66 65518
2.723 5.195 -1.312 0.094 0.613 0.251 64 66 65518
7.681 8.377 -3.569 0.27 0.411 0.052 64 66 65518
5.542 10.551 0.312 0.084 0.037 0.138 64 66 65518
0.168 5.087 -1.513 0.128 0.4 0.103 32 86 65528
0.019 9.33 0.447 0.303 0.117 0.001 32 86 65528
0.873 9.714 -1.491 0.175 0.174 0.094 32 86 65528
2.646 6.488 -3.524 0.208 0.397 0.18 32 86 65528
2.671 4.459 -7.736 0.458 0.226 0.32 32 86 65528
6.646 11.692 0.889 1 0.121 0.483 39 71 65527
17.287 0.229 0.416 0.796 0.434 39 71 65527 -4.436
15.713 -1.165 0.451 0.094 0.177 39 71 65527 -3.869 8.889 0.203 0.965 0.494 0.255 39 71 65527
0.181 5.333 0.66 0.247 0.187 0.078 39 71 65527
0.751 5.947 -2.554 0.266 0.03 0.048 66 70 65514
-3.89 9.106 -4.739 0.217 0.299 0.127 66 70 65514
-6.265 11.453 -2.421 0.186 0.433 0.129 66 70 65514
-3.138 10.618 0.968 0.067 0.128 0.025 66 70 65514
-3.005 7.044 -1.85 0.172 0.139 0.177 66 70 65514
-3.675 1.732 -5.735 0.116 0.168 0.224 43 91 65527
-1.857 8.625 -5.193 0.293 0.13 0.381 43 91 65527
0.051 9.544 2.625 0.869 0.041 0.47 43 91 65527
6.301 19.612 2.73 0.11 0.055 0.193 43 91 65527
2.422 7.53 1.461 -1.252 0.355 0.218 43 91 65527
0.806 3.568 0.808 0.625 0.013 0.2 29 95 7
0.452 6.235 0.055 0.241 0.135 0.272 29 95 7
3.076 10.79 -2.106 0.479 0.077 0.088 29 95 7
2.677 10.119 0.453 0.399 0.309 0.25 29 95 7
1.44 8.196 -1.055 0.055 0.208 0.185 29 95 7
1.158 5.432 -1.568 0.064 0.048 0.016 21 93 65535
2.911 9.879 -1.595 0.128 0.174 0.075 21 93 65535
3.367 2.576 -2.656 0.095 0.222 0.101 21 93 65535
3.118 8.08 -4.647 0.393 0.087 0.31 21 93 65535
6.156 11.022 1.984 0.751 0.22 0.555 21 93 65535
0.551 11.231 0.943 0.501 0.626 0.467 40 78 4
-3.661 19.612 1.198 0.149 0.026 0.069 40 78 4
-3.849 10.403 2.328 -1.018 0.43 0.193 40 78 4
0.713 2.615 0.46 0.47 0.021 0.183 40 78 4
0.586 7.532 0.026 0.291 0.118 0.046 40 78 4
-5.045 14.095 -2.245 0.074 0.244 0.06 35 89 65531
-3.269 10.45 0.366 0.029 0.022 0.042 35 89 65531
-2.439 4.702 -3.114 0.115 0.046 0.059 35 89 65531
-2.743 3.871 -2.803 0.11 0.132 0.13 35 89 65531
-3.064 4.535 -2.747 0.012 0.274 0.185 35 89 65531
-2.382 10.139 -4.586 0.361 0.283 0.403 64 84 65526
-1.392 13.76 3.997 0.539 0.248 0.296 64 84 65526
3.864 15.812 4.823 0.358 0.425 0.149 64 84 65526
2.063 2.857 -2.958 0.852 0.505 0.058 64 84 65526
-3.514 6.628 0.153 0.24 0.176 0.304 64 84 65526
2.895 6.61 0.421 0.393 0.111 0.069 62 62 65532
3.907 10.929 1.265 0.242 0.357 0.128 62 62 65532
1.787 8.457 0.864 0.011 0.486 0.302 62 62 65532
2.437 9.872 -2.146 0.365 0.283 0.071 62 62 65532
2.149 11.931 1.078 0.575 0.03 0.169 62 62 65532
2.218 11.719 0.141 0.539 0.174 0.192 42 100 2
2.054 4.671 -2.54 0.52 0.257 0.209 42 100 2
2.874 8.9 -5.236 0.876 0.085 0.493 42 100 2
0.421 7.861 0.215 0.899 0.415 0.606 42 100 2
-7.843 19.612 2.379 0.413 0.745 0.326 42 100 2
-3.265 12.222 0.694 0.672 0.054 0.228 19 87 19
-3.063 4.56 -1.817 0.593 0.071 0.08 19 87 19
0.815 3.731 -1.35 0.128 0.108 0.186 19 87 19
-4.035 9.018 -1.44 0.135 0.186 0.026 19 87 19
-4.164 11.259 -3.386 0.015 0.2 0.088 19 87 19
-2.876 10.488 -1.132 0.18 0.059 0.055 41 73 9
-2.571 11.119 0.053 0.044 0.116 0.076 41 73 9
-1.99 9.589 -1.544 0.002 0.049 0.23 41 73 9
-2.77 6.879 -3.749 0.011 0.214 0.341 41 73 9
-3.78 8.777 -5.086 0.55 0.334 0.436 41 73 9
-1.458 14.342 1.855 0.807 0.086 0.49 20 76 14
5.999 19.612 0.961 0.571 0.007 0.008 20 76 14
7.352 2.54 -2.047 -1.1 0.288 0.234 20 76 14
-1.523 2.766 -1.309 0.37 0.136 0.289 20 76 14
1.414 6.89 -2.448 0.268 0.074 0.16 20 76 14
1.874 10.769 -1.38 0.45 0.14 0.093 15 61 17
3.414 10.351 0.027 0.177 0.45 0.27 15 61 17
0.854 10.079 0.93 0.154 0.083 0.124 15 61 17
-1.318 11.258 0.197 0.119 0.064 0.026 15 61 17
2.841 10.895 0.342 0.162 0.254 0.093 15 61 17
3.416 7.041 -2.892 0.156 0.262 0.178 65527 101 19
3.262 8.353 -4.873 0.431 0.064 0.338 65527 101 19
6.472 9.704 0.64 0.845 0.253 0.561 65527 101 19
-3.795 16.731 0.395 0.398 0.846 0.517 65527 101 19
-3.816 16.086 -1.343 0.344 0.186 0.103 65527 101 19
-4.508 7.954 0.521 -1.106 0.231 0.137 21 89 9
1.503 2.37 0.338 0.472 0.131 0.241 21 89 9
-3.301 7.451 -2.087 0.215 0.319 0.107 21 89 9
-6.088 14.129 -1.97 0.083 0.28 0.126 21 89 9
-2.367 12.377 -1.019 0.06 0.01 0.104 21 89 9
0.928 9.867 0.654 0.138 0.032 0.019 25 97 3
-2.118 12.488 0.063 0.239 0.073 0.083 25 97 3
-2.185 6.434 -2.244 0.146 0.159 0.131 25 97 3
-1.776 8.17 -5.382 0.265 0.132 0.35 25 97 3
0.561 17.974 6.868 0.601 0.028 0.376 25 97 3
4.248 15.456 3.612 0.497 0.189 0.126 36 78 0
8.031 4.212 0.18 -1.172 0.276 0.181 36 78 0
-2.689 4.863 0.723 0.476 0.104 0.368 36 78 0
2.347 9.172 -1.142 0.249 0.18 0.15 36 78 0
4.228 10.238 0.114 0.337 0.285 0.141 36 78 0
1.338 10.493 0.542 0.075 0.423 0.323 3 97 21
2.949 9.479 -1.101 0.264 0.46 0.165 3 97 21
0.343 10.522 1.119 0.566 0.111 0.057 3 97 21
0.347 13.025 0.717 0.547 0.136 0.151 3 97 21
2.427 4.551 -3.032 0.511 0.265 0.176 3 97 21
2.285 9.421 -6.603 0.898 0.157 0.423 65524 86 28
-2.908 4.152 -2.372 1.087 0.28 0.6 65524 86 28
-8.55 2.582 -7.317 0.632 0.676 0.443 65524 86 28
-5.86 19.612 -1.856 0.306 0.45 0.05 65524 86 28
-4.413 2.466 -1.999 0.582 0.195 0.101 65524 86 28
1.225 1.491 -1.022 0.468 0.261 0.229 65518 82 36
0.215 7.486 0.812 0.147 0.359 0.134 65518 82 36
-6.47 13.296 -2.984 0.188 0.324 0.067 65518 82 36
-3.922 11.423 -3.044 0.383 0.187 0.127 65518 82 36
-1.856 14.034 0.179 0.209 0.295 0.041 65518 82 36
-1.444 9.817 -1.517 0.043 0.08 0.136 1 91 11
0.652 5.856 -2.308 0.119 0.102 0.244 1 91 11
-2.159 8.821 -5.392 0.438 0.107 0.374 1 91 11
0.683 7.018 -2.098 0.561 0.107 0.309 1 91 11
1.727 19.612 2.566 0.734 0.294 0.033 1 91 11
3.22 6.6 0.622 -1.19 0.124 0.172 65533 75 17
-1.295 0.493 -2.966 0.688 0.109 0.193 65533 75 17
3.016 9.86 -3.047 0.358 0.175 0.073 65533 75 17
0.234 9.775 0.817 0.612 0.091 0.067 65533 75 17
3.359 12.19 0.457 0.12 0.227 0.19 65533 75 17
0.691 9.664 1.155 0.087 0.023 0.006 65533 85 11
1.673 8.975 0.845 0.15 0.1 0.145 65533 85 11
0.982 10.38 -1.321 0.016 0.148 0.258 65533 85 11
2.747 6.388 -2.228 0.075 0.199 0.377 65533 85 11
1.101 8.851 -4.527 0.333 0.018 0.555 65533 85 11
-4.459 19.612 5.865 0.685 0.115 0.68 22 82 65528
-3.957 12.956 1.833 0.356 0.018 0.097 22 82 65528
-2.072 3.661 -1.225 -1.14 0.693 0.356 22 82 65528
0.657 4.923 0.672 0.482 0.559 0.023 22 82 65528
-1.733 7.651 -1.018 0.267 0.153 0.226 22 82 65528
-3.28 9.842 0.611 0.219 0.191 0.112 16 90 65530
-3.271 10.22 0.311 0.145 0.405 0.251 16 90 65530
-3.442 7.957 -2.893 0.272 0.366 0.314 16 90 65530
-2.457 10.224 -1.216 0.554 0.233 0.116 16 90 65530
0.806 9.538 0.599 0.523 0.225 0.15 16 90 65530
-1.057 7.772 -4.867 0.514 0.347 0.348 65524 106 4
-7.37 9.266 -2.007 1.069 0.59 0.4 65524 106 4
-2.528 7.966 -2.34 0.771 0.14 0.452 65524 106 4
-5.056 19.612 5.804 0.029 0.577 0.411 65524 106 4
1.91 8.085 0.755 0.606 0.321 0.037 65524 106 4
0.416 1.593 -2.108 0.428 0.364 0.175 2 96 65524
0.828 5.584 0.15 0.112 0.536 0.16 2 96 65524
4.911 13.724 -3.602 0.059 0.437 0.047 2 96 65524
3.91 9.958 0.709 0.153 0.068 0.066 2 96 65524
-2.29 8.367 0.852 0.017 0.392 0.091 2 96 65524
1.788 9.65 0.873 0.107 0.225 0.013 20 88 65532
1.618 9.3 -3.205 0.066 0.149 0.067 20 88 65532
1.116 5.795 -2.542 0.133 0.021 0.233 20 88 65532
4.054 9.451 -4.56 0.373 0.136 0.383 20 88 65532
0.183 17.144 3.493 0.656 0.058 0.511 20 88 65532
-3.271 19.612 4.27 0.305 0.005 0.059 65535 105 65525
-6.363 2.533 0.907 -1.449 0.664 0.461 65535 105 65525
-2.73 7.776 0.446 0.626 0.79 0.153 65535 105 65525
1.34 6.244 -1.654 0.359 0.592 0.028 65535 105 65525
-2.084 9.624 -3.438 0.293 0.138 0.025 65535 105 65525
-1.997 9.374 -1.155 0.076 0.382 0.149 24 88 65520
-1.892 11.926 0.252 0.125 0.498 0.213 24 88 65520
-1.456 6.774 -2.932 0.264 0.383 0.081 24 88 65520
-4.636 5.901 -4.083 0.225 0.423 0.166 24 88 65520
-3.368 4.59 -5.54 0.219 0.374 0.329 24 88 65520
-5.902 10.034 -1.039 0.815 0.379 0.371 33 101 65525
1.71 12.442 0.602 0.677 0.183 0.403 33 101 65525
1.741 19.612 1.988 0.264 0.081 0.189 33 101 65525
1.334 8.603 1.091 0.84 0.088 0.025 33 101 65525
-1.422 3.934 0.235 0.327 0.371 0.257 33 101 65525
4.135 6.573 0.957 0.243 0.506 0.145 37 89 65527
4.892 15.835 -2.458 0.171 0.13 0.061 37 89 65527
2.721 8.256 -1.183 0.334 0.293 0.137 37 89 65527
0.396 7.959 0.749 0.009 0.288 0.069 37 89 65527
1.124 7.687 -1.59 0.008 0.067 0.046 37 89 65527
0.263 9.605 -2.498 0.021 0.058 0.153 65524 78 8
1.519 9.179 -1.083 0.037 0.225 0.28 65524 78 8
4.583 5.175 -5.488 0.384 0.188 0.432 65524 78 8
2.713 19.612 5.051 0.576 0.12 0.499 65524 78 8
-5.379 11.545 2.385 0.61 0.108 0.138 65524 78 8
-7.778 4.568 -1.716 -1.073 0.784 0.351 10 96 65526
0.942 11.341 1.945 0.205 0.732 0.007 10 96 65526
0.134 8.378 -2.145 0.412 0.364 0.092 10 96 65526
-1.975 8.411 -1.047 0.041 0.05 0.054 10 96 65526
-3.548 7.594 -1.766 0.205 0.413 0.216 10 96 65526
-2.076 7.761 -3.063 0.433 0.376 0.203 28 106 65524
-3.204 9.848 -1.393 0.602 0.262 0.015 28 106 65524
-1.051 0.8 -2.415 0.466 0.243 0.232 28 106 65524
-1.61 6.27 -6.702 0.677 0.421 0.328 28 106 65524
-4.304 13.819 1.62 1.175 0.345 0.362 28 106 65524
2.029 19.612 4.744 0.537 0.392 0.401 23 87 65519
1.572 19.612 3.511 0.229 0.154 0.041 23 87 65519
1.392 9.179 0.293 0.592 0.089 0.055 23 87 65519
-2.264 3.04 0.884 0.335 0.291 0.209 23 87 65519
5.74 10.177 -1.096 0.044 0.462 0.052 23 87 65519
7.28 16.673 0.266 0.112 0.027 0.116 65518 86 0
0.554 8.303 0.705 0.227 0.547 0.102 65518 86 0
0.368 10.352 0.663 0.035 0.234 0.054 65518 86 0
1.268 7.496 -2.172 0.022 0.067 0.057 65518 86 0
1.668 6.88 -4.023 0.039 0.033 0.233 65518 86 0
0.259 6.069 -3.02 0.12 0.118 0.296 65527 95 11
1.088 8.866 -1.92 0.466 0.001 0.426 65527 95 11
1.316 17.051 1.466 0.358 0.385 0.517 65527 95 11
-8.656 19.612 0.975 0.659 0.159 0.164 65527 95 11
-6.423 2.94 0.666 -1.506 0.69 0.216 65527 95 11
0.646 6.437 0.179 0.586 0.613 0.003 1 99 65531
0.521 5.389 -1.516 0.28 0.502 0.005 1 99 65531
-3.682 12.947 -4.362 0.052 0.062 0.066 1 99 65531
-4.098 6.592 -3.168 0.062 0.484 0.184 1 99 65531
0.241 9.648 0.031 0.141 0.326 0.063 1 99 65531
-1.455 7.406 0.945 0.169 0.277 0.084 18 100 4
-1.367 7.123 -3.326 0.039 0.145 0.204 18 100 4
-4.147 8.808 -5.659 0.462 0.209 0.353 18 100 4
-5.577 12.811 3.369 0.94 0.15 0.374 18 100 4
3.138 19.612 3.102 0.091 0.27 0.302 18 100 4
1.327 10.77 0.91 0.91 0.192 0.153 14 84 65530
0.671 4.552 -1.283 0.642 0.127 0.076 14 84 65530
-1.209 5.187 0.964 0.241 0.457 0.217 14 84 65530
4.364 12.984 0.247 0.143 0.378 0.04 14 84 65530
2.637 12.054 -1.103 0.348 0.059 0.165 14 84 65530
-2.992 7.357 0.497 0.028 0.173 0.151 20 86 0
0.241 7.419 1.395 0.159 0.003 0.028 20 86 0
1.167 9.763 -2.26 0.082 0.236 0.065 20 86 0
2.088 8.095 -1.941 0.153 0.357 0.13 20 86 0
2.811 8.815 -4.052 0.344 0.219 0.269 20 86 0
5.47 10.585 0.223 0.829 0.117 0.482 65531 93 27
-3.301 5.681 -2.455 0.545 0.644 0.486 65531 93 27
-6.86 19.612 0.007 0.214 0.09 0.094 65531 93 27
-6.471 5.09 -1.309 -1.248 0.618 0.24 65531 93 27
0.24 4.368 0.806 0.334 0.263 0.075 65531 93 27
0.749 6.928 0.954 0.206 0.152 0.035 65534 78 0
-3.91 12.331 -3.348 0.034 0.094 0.113 65534 78 0
-1.004 13.579 0.524 0.014 0.277 0.156 65534 78 0
0.573 12.161 1.796 0.087 0.335 0.035 65534 78 0
-2.505 11.105 0.057 0.071 0.24 0.12 65534 78 0
-2.367 8.655 -1.692 0.041 0.139 0.141 15 97 7
-2.206 8.154 -5.712 0.23 0.027 0.355 15 97 7
-1.294 10.927 2.375 0.851 0.033 0.47 15 97 7
2.664 19.612 3.828 0.109 0.045 0.122 15 97 7
1.277 2.992 0.001 -1.182 0.283 0.227 15 97 7
1.124 4.648 -1.085 0.583 0.088 0.171 65534 104 6
0.548 7.479 0.373 0.308 0.109 0.243 65534 104 6
3.197 12.343 -1.035 0.242 0.168 0.055 65534 104 6
2.197 7.933 -1.459 0.364 0.398 0.244 65534 104 6
2.632 9.3 -1.012 0.049 0.429 0.18 65534 104 6
0.724 8.762 0.244 0.185 0.117 0.038 65521 99 21
1.018 12.085 0.059 0.175 0.159 0.108 65521 99 21
3.059 8.323 -1.571 0.245 0.322 0.148 65521 99 21
0.501 8.847 -5.216 0.496 0.136 0.346 65521 99 21
5.685 9.507 0.053 0.805 0.207 0.59 65521 99 21
-6.685 13.727 0.669 0.371 0.606 0.458 8 78 14
-5.541 14.044 -1.502 0.265 0.094 0.21 8 78 14
-6.275 3.052 -2.037 0.967 0.313 0.239 8 78 14
1.739 1.841 -1.349 0.32 0.11 0.139 8 78 14
-1.564 6.676 -1.58 0.275 0.136 0.046 8 78 14
-6.56 12.411 -2.516 0.061 0.357 0.083 8 92 65528
-2.655 13.297 0.673 0.023 0.106 0.048 8 92 65528
-2.049 9.558 -1.657 0.033 0.088 0.037 8 92 65528
-1.037 9.771 0.521 0.045 0.064 0.112 8 92 65528
-1.95 6.089 -3.04 0.084 0.251 0.199 8 92 65528
-3.242 8.232 -5.313 0.494 0.303 0.383 17 103 65531
-5.797 17.787 2.777 0.939 0.136 0.419 17 103 65531
6.375 16.95 3.584 0.257 0.127 0.031 17 103 65531
5.902 1.454 -4.394 0.899 0.317 0.131 17 103 65531
0.752 1.599 -1.99 0.458 0.111 0.34 17 103 65531
1.618 7.966 -3.215 0.261 0.047 0.132 31 77 65523
1.25 10.241 0.43 0.326 0.166 0.1 31 77 65523
2.688 8.783 0.774 0.026 0.386 0.266 31 77 65523
-1.298 9.759 0.964 0.141 0.03 0.078 31 77 65523
-1.471 12.304 1.787 0.267 0.093 0.08 31 77 65523
1.407 11.763 0.013 0.305 0.274 0.137 65524 96 4
2.96 9.051 -1.836 0.322 0.246 0.204 65524 96 4
1.903 4.368 -6.267 0.62 0.066 0.394 65524 96 4
6.654 7.797 0.809 1.068 0.262 0.602 65524 96 4
-8.384 16.752 -2.035 0.57 0.833 0.441 65524 96 4
-2.853 14.156 -4.06 0.332 0.082 0.169 65530 82 8
-4.134 2.418 -1.66 0.926 0.242 0.104 65530 82 8
0.174 3.354 -1.095 0.201 0.045 0.159 65530 82 8
0.871 5.288 -2.385 0.193 0.019 0.032 65530 82 8
-4.952 13.693 -4.072 0.134 0.212 0.107 65530 82 8
-2.467 11.869 0.18 0.128 0.205 0.127 4 60 65518
-1.804 11.682 0.359 0.137 0.106 0.014 4 60 65518
-2.291 11.383 0.222 0.048 0.205 0.127 4 60 65518
-2.455 6.676 -3.451 0.012 0.124 0.185 4 60 65518
0.845 8.766 -4.259 0.449 0.087 0.379 4 60 65518
-3.545 3.672 -1.543 0.79 0.01 0.44 65524 60 65530
5.215 19.612 1.847 0.392 0.135 0.119 65524 60 65530
0.798 1.274 -2.246 0.545 0.033 0.245 65524 60 65530
0.477 7.846 0.799 0.198 0.046 0.189 65524 60 65530
1.555 11.059 0.812 0.45 0.073 0.096 65503 57 3
4.353 10.979 1.668 0.125 0.38 0.228 65503 57 3
0.881 6.289 -1.284 0.036 0.055 0.077 65503 57 3
0.152 10.266 0.112 0.188 0 0.037 65503 57 3
1.059 12.719 0.398 0.257 0.23 0.122 65503 57 3
2.416 8.119 -2.179 0.284 0.308 0.175 65500 88 10
2.013 7.237 -5.538 0.571 0.136 0.344 65500 88 10
6.127 5.645 0.231 0.948 0.254 0.557 65500 88 10
-3.268 17.863 0.361 0.515 0.768 0.422 65500 88 10
-7.453 17.701 -2.398 0.335 0.149 0.168 65500 88 10
-3.149 3.533 0.305 -1.152 0.42 0.104 65518 82 65526
1.643 3.143 -1.137 0.396 0.154 0.119 65518 82 65526
-3.157 4.469 -3.315 0.102 0.111 0.007 65518 82 65526
-4.189 13.861 -5.176 0.071 0.062 0.078 65518 82 65526
0.277 12.798 0.474 0.08 0.189 0.151 65518 82 65526
-3.9 9.004 -1.885 0.151 0.322 0.001 65520 84 65526
-3.611 8.115 -1.416 0.049 0.291 0.119 65520 84 65526
-1.385 6.915 -4.457 0.001 0.144 0.17 65520 84 65526
-2.491 6.455 -6.07 0.415 0.062 0.387 65520 84 65526
-5.194 10.338 3.412 0.828 0.038 0.46 65520 84 65526
5.258 19.612 2.719 0.137 0.318 0.175 65533 65 65513
8.012 12.024 0.538 -1.098 0.08 0.191 65533 65 65513
1.223 1.276 -3.112 0.717 0.055 0.223 65533 65 65513
0.361 5.857 0.651 0.301 0.04 0.236 65533 65 65513
3.311 13.011 -2.364 0.277 0.035 0.081 65533 65 65513
2.397 11.818 0.55 0.319 0.136 0.282 65492 72 65532
0.618 11.779 2.051 0.038 0.029 0.16 65492 72 65532
1.37 6.475 0.694 0.175 0.037 0.013 65492 72 65532
1.671 9.961 -1.005 0.022 0.238 0.035 65492 72 65532
2.262 8.836 -2.007 0.016 0.227 0.126 65492 72 65532
2.001 11.548 -3.293 0.278 0.051 0.348 65486 68 8
4.255 6.42 0.234 0.544 0.212 0.541 65486 68 8
-2.233 17.38 1.584 0.243 0.569 0.358 65486 68 8
-2.546 8.075 -1.104 -1.102 0.478 0.194 65486 68 8
1.952 3.901 0.565 0.518 0.225 0.165 65490 66 10
-1.708 7.501 -2.007 0.354 0.099 0.006 65490 66 10
-3.488 10.967 -1.27 0.022 0.239 0.11 65490 66 10
-4.129 9.545 -1.817 0.043 0.292 0.095 65490 66 10
-1.596 6.568 -1.845 0.096 0.164 0.001 65490 66 10
-3.849 7.644 -2.324 0.05 0.201 0.142 65521 69 65535
-3.282 5.394 -4.935 0.179 0.262 0.238 65521 69 65535
-2.524 4.958 -4.015 0.788 0.191 0.332 65521 69 65535
0.466 17.027 3.775 0.725 0.112 0.189 65521 69 65535
2.665 18.714 5.707 0.545 0.294 0.188 65521 69 65535
0.407 1.685 -1.808 0.75 0.298 0.024 65504 60 4
0.344 5.68 0.159 0.312 0.058 0.275 65504 60 4
3.483 9.247 0.556 0.247 0.268 0.065 65504 60 4
2.561 9.187 0.781 0.356 0.242 0.156 65504 60 4
2.765 7.18 0.786 0.029 0.295 0.221 65504 60 4
0.044 9.756 0.598 0.252 0.001 0.003 65500 70 65530
0.701 10.254 -2.08 0.229 0.17 0.128 65500 70 65530
1.455 9.261 -1.3 0.238 0.338 0.155 65500 70 65530
1.273 7.365 -4.787 0.301 0.286 0.265 65500 70 65530
2.473 9.695 -3.016 0.783 0.069 0.487 65500 70 65530
2.467 10.708 1.969 0.874 0.419 0.541 65521 55 65533
-8.291 19.612 3.76 0.268 0.446 0.156 65521 55 65533
-4.787 10.578 -1.094 0.953 0.299 0.281 65521 55 65533
-1.276 3.043 -1.071 0.594 0.168 0.012 65521 55 65533
-1.296 6.576 0.708 0.25 0.033 0.168 65521 55 65533
-2.439 9.434 0.584 0.267 0.098 0.048 65529 71 65515
-2.731 16.428 0.039 0.122 0.268 0.128 65529 71 65515
0.749 8.322 0.766 0.1 0.055 0.062 65529 71 65515
-1.072 8.098 -1.423 0.111 0.047 0.048 65529 71 65515
-4.104 6.767 -3.865 0.111 0.203 0.151 65529 71 65515
-4.146 4.663 -7.621 0.019 0.283 0.286 65512 86 65534
-3.365 5.978 -3.36 0.621 0.242 0.392 65512 86 65534
-1.076 19.529 2.445 0.396 0.016 0.246 65512 86 65534
2.383 12.612 1.235 0.876 0.221 0.174 65512 86 65534
0.831 5.24 0.89 0.927 0.093 0.041 65512 86 65534
-2.126 6.794 0.951 0.371 0.019 0.353 65528 86 65526
0.041 9.38 0.366 0.322 0.012 0.11 65528 86 65526
4.112 10.857 -2.293 0.523 0.171 0.198 65528 86 65526
4.277 5.396 -1.686 0.216 0.319 0.252 65528 86 65526
0.609 5.777 0.606 0.077 0.109 0.043 65528 86 65526
0.05 6.992 -1.793 0.039 0.068 0.079 65488 72 8
2.363 6.611 -2.078 0.091 0.272 0.121 65488 72 8
2.721 3.581 -3.33 0.177 0.363 0.226 65488 72 8
2.152 7.741 -2.311 0.53 0.037 0.486 65488 72 8
3.884 8.839 1.543 0.71 0.326 0.573 65488 72 8
-5.675 19.612 5.558 0.121 0.216 0.027 65521 71 65525
-6.087 13.46 0.328 0.752 0.568 0.403 65521 71 65525
0.209 5.772 0.313 0.394 0.357 0.05 65521 71 65525
1.216 6.375 0.749 0.219 0.042 0.223 65521 71 65525
-3.804 10.772 0.104 0.002 0.239 0.044 65521 71 65525
-3.408 12.68 0.175 0.234 0.297 0.13 65512 42 65520
-1.736 9.023 0.571 0.283 0.071 0.073 65512 42 65520
-1.896 7.189 -2.191 0.255 0.049 0.1 65512 42 65520
-3.466 5.009 -3.781 0.236 0.219 0.228 65512 42 65520
-4.887 6.485 -7.715 0.442 0.4 0.334 65512 42 65520
-2.612 10.584 1.454 1.137 0.315 0.39 65529 59 65525
0.937 19.612 6.178 0.422 0.038 0.285 65529 59 65525
0.017 13.232 3.113 0.723 0.177 0.101 65529 59 65525
1.161 7.171 -1.204 0.485 0.042 0.134 65529 59 65525
-4.049 6.794 0.276 0.112 0.065 0.322 65529 59 65525
2.537 12.303 -1.644 0.215 0.111 0.073 65486 38 65526
4.062 9.843 0.672 0.151 0.222 0.222 65486 38 65526
2.44 6.587 -1.917 0.134 0.126 0.257 65486 38 65526
-1.593 8.305 -1.276 0.223 0.072 0.028 65486 38 65526
0.337 12.049 -2.032 0.217 0.172 0.043 65486 38 65526
0.997 10.626 -1.157 0.197 0.345 0.029 65514 76 65524
1.959 8.261 -5.009 0.41 0.293 0.218 65514 76 65524
9.222 8.428 0.166 0.85 0.052 0.478 65514 76 65524
-1.374 10.571 -1.243 0.501 0.683 0.446 65514 76 65524
-7.554 19.612 2.583 0.16 0.577 0.042 65514 76 65524
-4.881 6.718 -3.823 0.975 0.151 0.265 65517 51 65515
0.544 0.471 0.531 0.631 0.04 0.157 65517 51 65515
0.08 3.235 -1.802 0.397 0.285 0.075 65517 51 65515
-7.565 10.788 -2.402 0.026 0.342 0.013 65517 51 65515
-3.313 12.099 0.186 0.083 0.029 0.004 65517 51 65515
-1.428 9.479 0.162 0.265 0.139 0.093 65510 36 65512
-1.394 9.963 0.764 0.248 0.05 0.175 65510 36 65512
0.792 11.379 0.35 0.152 0.049 0.225 65510 36 65512
-3.155 8.288 -5.404 0.04 0.132 0.413 65510 36 65512
-1.13 15.453 1.12 0.447 0.047 0.515 65510 36 65512
5.477 8.2 0.609 0.3 0.19 0.035 65501 63 65517
4.182 3.822 0.245 -1.185 0.492 0.313 65501 63 65517
1.434 1.62 -3.236 0.649 0.207 0.188 65501 63 65517
0.451 8.528 0.695 0.428 0.092 0.181 65501 63 65517
1.374 9.127 0.265 0.456 0.172 0.001 65501 63 65517
2.62 10.454 0.18 0.162 0.54 0.324 65502 60 65516
1.109 8.282 0.591 0.066 0.566 0.34 65502 60 65516
3.12 11.026 -1.013 0.428 0.38 0.09 65502 60 65516
4.666 13.059 0.629 0.574 0.133 0.015 65502 60 65516
1.161 8.274 -2.731 0.462 0.231 0.095 65502 60 65516
0.987 9.631 -5.42 0.693 0.277 0.213 65533 71 65515
3.555 5.902 0.263 0.793 0.056 0.547 65533 71 65515
0.069 0.757 -2.662 0.681 0.635 0.472 65533 71 65515
-3.852 19.612 1.047 0.584 0.917 0.33 65533 71 65515
-9.094 12.198 -1.897 0.489 0.664 0.277 65533 71 65515
-1.941 2.695 0.196 0.601 0.367 0.112 65522 66 65520
0.422 5.133 -2.414 0.221 0.595 0.131 65522 66 65520
-5.392 15.618 0.246 0.308 0.049 0.096 65522 66 65520
0.697 10.286 1.436 0.254 0.458 0.005 65522 66 65520
0.415 13.35 0.192 0.05 0.49 0.128 65496 36 65514
0.429 8.666 -1.547 0.125 0.307 0.287 65496 36 65514
0.077 10.812 -5.847 0.07 0.061 0.326 65496 36 65514
1.985 17.433 1.665 0.414 0.254 0.259 65496 36 65514
5.21 15.338 3.892 0.662 0.18 0.165 65496 36 65514
5.712 1.953 -1.781 -1.198 0.309 0.274 65496 52 65534
-2.704 2.08 -2.85 0.769 0.234 0.11 65496 52 65534
0.217 8.455 -2.99 0.47 0.171 0.076 65496 52 65534
1.118 10.692 0.138 0.516 0.027 0.078 65496 52 65534
2.457 10.821 0.489 0.235 0.436 0.227 65496 52 65534
1.698 8.526 0.284 0.108 0.399 0.17 65492 70 65518
1.296 12.801 0.724 0.301 0.158 0.023 65492 70 65518
1.331 13.373 0.128 0.355 0.05 0.077 65492 70 65518
0.433 5.086 -3.587 0.281 0.146 0.007 65492 70 65518
1.323 9.83 -4.653 0.612 0.121 0.302 65492 70 65518
0.694 5.273 0.81 0.663 0.125 0.614 65493 77 65531
-2.843 6.259 -2.218 0.54 0.582 0.455 65493 77 65531
-3.713 19.612 0.156 0.28 0.603 0.051 65493 77 65531
-5.495 8.208 -2.596 0.715 0.347 0.152 65493 77 65531
1.519 -1.276 -2.092 0.632 0.346 0.284 65493 77 65531
0.679 5.279 -2.404 0.246 0.526 0.127 65469 43 65529
-8.959 12.089 -2.549 0.11 0.462 0.013 65469 43 65529
-3.727 11.859 0.905 0.085 0.258 0 65469 43 65529
-1.495 8.593 0.301 0.014 0.473 0.007 65469 43 65529
0.061 10.089 0.478 0.227 0.387 0.153 65469 43 65529
0.197 8.626 0.09 0.336 0.019 0.238 65529 55 65503
-1.655 8.523 -3.114 0.041 0.183 0.318 65529 55 65503
-1.674 18.301 6.612 0.258 0.256 0.332 65529 55 65503
4.25 9.071 0.508 -1.021 0.397 0.133 65529 55 65503
1.499 4.75 -1.492 -1.139 0.395 0.138 65529 55 65503
-1.465 2.448 -1.108 0.607 0.105 0.218 65519 63 65515
0.045 11.405 1.841 0.243 0.041 0.053 65519 63 65515
1.772 9.239 -1.156 0.512 0.242 0.052 65519 63 65515
1.93 10.649 1.332 0.032 0.603 0.344 65519 63 65515
3.739 9.174 -2.023 0.164 0.619 0.203 65519 63 65515
3.635 13.108 0.397 0.598 0.247 0.027 65498 82 65516
2.63 12.059 0.044 0.638 0.009 0.144 65498 82 65516
2.796 8.839 0.749 0.644 0.191 0.108 65498 82 65516
2.245 10.585 -5.11 0.901 0.212 0.395 65498 82 65516
3.643 6.232 0.009 0.921 0.162 0.662 65498 82 65516
-3.29 10.977 -1.086 0.778 0.703 0.511 65489 55 65523
-5.882 19.39 -1.459 0.289 0.639 0.057 65489 55 65523
-4.185 3.755 -2.063 0.56 0.33 0.079 65489 55 65523
0.269 2.68 -3.274 0.459 0.291 0.258 65489 55 65523
2.024 8.473 -5.396 0.478 0.163 0.175 65531 29 65417
5.215 9.024 1.29 0.914 0.06 0.494 65531 29 65417
-2.913 11.742 0.216 0.48 0.531 0.508 65531 29 65417
-3.88 18.517 0.047 0.143 0.316 0.067 65478 20 65450
-5.687 7.723 0.772 0.95 0.008 0.283 65478 20 65450
0.711 1.171 0.979 0.583 0.228 0.297 65478 20 65450
2.767 7.107 0.881 0.241 0.441 0.221 65478 20 65450
-11.626 9.996 -3.897 0.033 0.598 0.001 65478 20 65450
-4.095 10.809 0.537 0.1 0.152 0.066 65502 6 65430
4.406 11.557 1.859 0.067 0.48 0.098 65502 6 65430
-1.484 8.151 -1.661 0.015 0.118 0.03 65502 6 65430
-1.545 6.374 -3.126 0.062 0.177 0.126 65502 6 65430
-2.257 8.87 -5.795 0.161 0.292 0.304 65502 6 65430
-5.061 7.322 -1.44 0.667 0.317 0.41 65492 0 65438
-1.612 19.612 3.956 0.332 0.132 0.268 65492 0 65438
4.577 13.091 1.905 0.915 0.077 0.237 65492 0 65438
3.55 4.501 -1.124 0.856 0.152 0.019 65492 0 65438
0.939 2.845 0.994 0.5 0.201 0.17 65492 0 65438
1.829 6.045 -3.064 0.292 0.218 0.055 65491 1 65429
2.097 13.85 0.492 0.145 0.154 0.183 65491 1 65429
2.007 9.8 -1.502 0.101 0.286 0.175 65491 1 65429
3.631 6.544 -1.805 0.158 0.068 0.085 65491 1 65429
3.015 7.824 -2.406 0.188 0.091 0.108 65491 1 65429
2.088 9.162 0.652 0.218 0.159 0.054 65512 24 65430
0.148 9.385 -5.412 0.41 0.066 0.31 65512 24 65430
5.45 10.876 2.057 0.757 0.11 0.536 65512 24 65430
-3.417 19.612 3.467 0.387 0.6 0.465 65512 24 65430
-2.448 17.368 0.396 0.406 0.089 0.202 65512 24 65430
-6.704 6.793 0.288 -1.236 0.167 0.223 65530 14 65412
1.845 5.662 0.468 0.374 0.092 0.258 65530 14 65412
0.365 6.251 -3.189 0.24 0.226 0.114 65530 14 65412
-7.164 10.014 -4.372 0.131 0.327 0.064 65530 14 65412
-4.657 7.936 -3.594 0.028 0.075 0.186 65530 14 65412
-2.234 6.317 -2.214 0.131 0.139 0.157 65521 13 65419
0.867 8.209 0.861 0.13 0.008 0.037 65521 13 65419
-2.28 0.559 -4.818 0.074 0.189 0.084 65521 13 65419
-4.151 8.813 -5.102 0.413 0.332 0.28 65521 13 65419
-5.752 8.307 2.773 0.867 0.251 0.355 65521 13 65419
2.284 19.612 -1.039 0.219 0.391 0.275 65511 15 65429
8.89 15.501 1.446 0.653 0.285 0.171 65511 15 65429
2.195 3.649 0.019 0.717 0.051 0.007 65511 15 65429
-1.237 0.998 -2.347 0.384 0.016 0.2 65511 15 65429
4.869 6.563 -3.494 0.216 0.011 0.014 65511 15 65429
5.086 12.586 -1.28 0.04 0.086 0.137 65506 18 65430
0.986 9.909 0.84 0.202 0.279 0.083 65506 18 65430
2.985 8.04 0.524 0.142 0.05 0.098 65506 18 65430
2.772 9.137 0.008 0.082 0.239 0.073 65506 18 65430
2.73 9.46 -3.18 0.11 0.273 0.029 65506 18 65430
0.711 9.411 -3.541 0.195 0.14 0.245 65501 39 65421
-6.331 12.971 0.264 0.532 0.089 0.409 65501 39 65421
-8.08 16.146 0.723 0.428 0.007 0.033 65501 39 65421
-7.321 6.159 -2.742 -1.083 0.65 0.424 65501 39 65421
0.581 9.215 1.211 0.534 0.8 0.064 65501 39 65421
1.381 4.236 -3.041 0.48 0.5 0.098 65489 23 65439
0.926 8.362 0.381 0.346 0.082 0.122 65489 23 65439
-3.396 9.206 0.035 0.129 0.332 0.057 65489 23 65439
-2.545 9.38 0.784 0.153 0.349 0.109 65489 23 65439
-1.921 12.641 0.356 0.47 0.2 0.043 65489 23 65439
-6.846 8.798 -1.685 0.383 0.079 0.264 65523 19 65417
-4.534 0.131 -8.586 0.114 0.116 0.385 65523 19 65417
-2.694 8.987 -2.607 0.906 0.488 0.425 65523 19 65417
0.695 12.573 0.084 1.188 0.393 0.374 65523 19 65417
2.965 19.612 2.365 0.119 0.183 0.099 65523 19 65417
1.971 8.197 4.153 0.752 0.307 0.25 65510 2 65426
0.973 7.425 1.453 0.231 0.114 0.059 65510 2 65426
1.563 9.063 0.009 0.192 0.076 0.065 65510 2 65426
2.483 11.034 -1.114 0.295 0.039 0.08 65510 2 65426
2.767 11.212 -2.143 0.1 0.215 0.179 65510 2 65426
2.64 8.075 -1.845 0.242 0.188 0.152 65527 13 65427
0.21 10.912 0.316 0.315 0.093 0.073 65527 13 65427
0.796 10.581 -1.312 0.208 0.035 0.076 65527 13 65427
1.93 3.617 -4.449 0.157 0.301 0.018 65527 13 65427
4.147 7.4 -4.823 0.513 0.269 0.278 65527 13 65427
1.62 5.783 2.639 0.618 0.29 0.555 65515 25 65423
-4.193 19.612 2.688 0.449 0.629 0.266 65515 25 65423
-3.18 18.173 0.547 0.664 0.056 0.364 65515 25 65423
-3.817 7.59 0.046 0.833 0.134 0.108 65515 25 65423
4.241 1.04 -2.463 0.685 0.184 0.31 65515 25 65423
-4.335 7.016 -2.467 0.295 0.51 0.007 65499 13 65427
-9.594 11.232 -1.854 0.128 0.335 0.06 65499 13 65427
-1.811 8.153 0.879 0.134 0.347 0.013 65499 13 65427
1.277 6.724 0.897 0.16 0.337 0 65499 13 65427
-1.586 6.198 -2.308 0.115 0.107 0.102 65499 13 65427
-2.432 7.099 -2.831 0.108 0.275 0.211 13 9 65407
-3.24 4.785 -6.708 0.069 0.229 0.33 13 9 65407
0.403 8.518 -1.161 0.521 0.143 0.412 13 9 65407
6.112 13.851 3.451 0.15 0.209 0.025 13 9 65407
5.655 2.373 -4.161 0.92 0.559 0.334 13 9 65407
-1.155 6.448 0.017 0.543 0.376 0.185 65527 23 65423
0.31 8.614 -2.037 0.322 0.145 0.169 65527 23 65423
3.548 8.862 0.39 0.474 0.221 0.036 65527 23 65423
0.888 8.723 0.909 0.118 0.555 0.374 65527 23 65423
1.386 7.684 -1.464 0.2 0.627 0.354 65527 23 65423
3.998 10.706 -1.799 0.476 0.346 0.036 8 4 65420
1.786 7.07 -2.081 0.362 0.024 0.083 8 4 65420
0.602 8.253 0.724 0.446 0.268 0 8 4 65420
4.594 12.009 -1.545 0.625 0.446 0.274 8 4 65420
8.348 8.975 2.038 0.614 0.161 0.629 8 4 65420
-2.73 18.929 0.896 0.524 1.119 0.47 65526 12 65416
-4.45 17.342 0.079 0.456 0.621 0.189 65526 12 65416
-6.333 5.206 0.378 -1.156 0.093 0.368 65526 12 65416
2.956 2.506 -2.474 0.691 0.456 0.203 65526 12 65416
-2.351 11.207 0.806 0.21 0.767 0.02 65526 12 65416
-7.311 12.064 -2.27 0.246 0.504 0.151 65518 65516 65424
-3.75 7.049 -2.215 0.159 0.198 0.039 65518 65516 65424
0.417 8.325 0.876 0.025 0.406 0.039 65518 65516 65424
-1.402 9.1 0.772 0.089 0.054 0.064 65518 65516 65424
0.407 5.884 -3.369 0.014 0.206 0.143 65518 65516 65424
-1.783 10.961 -3.888 0.174 0.38 0.268 65520 65528 65430
-1.285 16.601 2.155 0.35 0.467 0.156 65520 65528 65430
3.35 9.957 2.82 0.583 0.555 0.259 65520 65528 65430
0.711 2.596 0.865 0.884 0.793 0.224 65520 65528 65430
-2.23 0.588 -3.139 0.275 0.588 0.1 65520 65528 65430
0.92 11.493 1.006 0.101 0.336 0 2 65522 65424
2.706 9 0.726 0.369 0.16 0.038 2 65522 65424
0.351 7.808 -1.156 0.064 0.587 0.346 2 65522 65424
2.699 8.318 0.699 0.303 0.727 0.227 2 65522 65424
4.527 11.311 -1.019 0.693 0.539 0.07 2 65522 65424
1.375 11.676 1.491 0.791 0.152 0.274 9 65527 65429
1.775 7.815 0.505 0.639 0.247 0.226 9 65527 65429
9.012 12.547 -2.193 0.821 0.542 0.46 9 65527 65429
6.475 13.092 3.133 0.976 0.098 0.764 9 65527 65429
-3.764 19.612 2.947 0.755 0.958 0.476 9 65527 65429
-5.03 17.925 0.088 0.495 0.257 0.223 65514 4 65438
-1.893 8.261 3.637 0.839 0.036 0.053 65514 4 65438
2.761 4.068 -1.29 0.419 0.376 0.354 65514 4 65438
-3.946 9.297 -1.63 0.048 0.626 0.07 65514 4 65438
-6.453 16.244 -1.903 0.122 0.243 0.089 65514 4 65438
-2.948 11.51 0.107 0.14 0.459 0.045 8 65526 65418
0.106 10.672 0.614 0.156 0.582 0.044 8 65526 65418
0.694 9.362 0.718 0.135 0.186 0.096 8 65526 65418
-1.765 8.334 0.234 0.106 0.208 0.2 8 65526 65418
-3.755 8.54 -6.074 0.046 0.328 0.338 8 65526 65418
-2.562 9.02 0.512 0.316 0.186 0.472 65522 65526 65432
3.471 18.956 5.839 0.009 0.037 0.289 65522 65526 65432
4.229 9.43 2.498 0.954 0.442 0.268 65522 65526 65432
0.717 8.2 0.542 0.656 0.371 0.052 65522 65526 65432
-1.774 7.198 0.81 0.299 0.201 0.234 65522 65526 65432
0.64 9.119 -4.495 0.423 0.033 0.081 65526 65510 65434
2.868 9.988 0.845 0.225 0.532 0.265 65526 65510 65434
1.515 8.467 -1.774 0.133 0.665 0.343 65526 65510 65434
1.431 10.285 0.523 0.509 0.239 0.047 65526 65510 65434
2.112 9.525 0.896 0.311 0.045 0.089 65526 65510 65434
3.24 13.749 0.774 0.938 0.293 0.257 26 65534 65428
5.426 8.286 -1.818 0.925 0.135 0.556 26 65534 65428
2.053 10.068 0.512 0.366 0.766 0.616 26 65534 65428
-6.502 13.582 -2.556 0.012 0.874 0.083 26 65534 65428
-7.244 8.574 -3.381 0.814 0.209 0.352 15 65517 65427
2.109 0.618 0.717 0.79 0.307 0.251 15 65517 65427
0.272 3.512 -1.578 0.28 0.735 0.254 15 65517 65427
-9.119 14.739 -2.121 0.157 0.619 0.03 15 65517 65427
-2.178 11.739 0.086 0.247 0.162 0.056 15 65517 65427
1.728 10.022 1.741 0.124 0.353 0.139 65524 65516 65438
0.496 11.024 0.565 0.111 0.148 0.031 65524 65516 65438
-1.351 7.755 -2.349 0.115 0.091 0.038 65524 65516 65438
-2.129 7.589 -5.427 0.043 0.179 0.251 65524 65516 65438
-2.439 9.211 -2.118 0.296 0.189 0.359 65524 65516 65438
2.595 18.608 4.355 0.115 0.078 0.2 2 65534 65436
2.146 14.447 4.763 0.889 0.361 0.301 2 65534 65436
0.074 6.202 0.45 0.937 0.209 0.024 2 65534 65436
0.09 4.733 -1.76 0.471 0.091 0.268 2 65534 65436
1.356 7.754 0.15 0.58 0.162 0.04 2 65534 65436
1.687 11.859 1.66 0.238 0.374 0.298 10 65526 65444
1.228 10.43 0.752 0.002 0.487 0.261 10 65526 65444
-2.485 11.811 1.623 0.174 0.125 0.05 10 65526 65444
0.124 12.975 1.114 0.309 0.129 0.104 10 65526 65444
1.029 8.629 -1.138 0.366 0.277 0.03 10 65526 65444
1.65 9.662 -2.914 0.541 0.148 0.337 9 7 65435
3.531 10.8 -1.112 0.866 0.225 0.603 9 7 65435
-7.286 6.222 -1.636 0.344 0.558 0.451 9 7 65435
-4.722 9.686 -1.855 0.432 0.092 0.264 9 7 65435
-2.159 5 0.962 0.675 0.329 0.223 9 7 65435
1.784 7.823 0.842 0.244 0.177 0.272 65533 7 65451
0.816 10.959 0.903 0.063 0.375 0.1 65533 7 65451
-5.681 9.98 0.389 0.007 0.28 0.05 65533 7 65451
-3.159 10.714 -1.335 0.139 0.044 0.088 65533 7 65451
-1.49 8.932 0.899 0.331 0.112 0.073 65533 7 65451
-2.841 11.049 0.555 0.255 0.047 0.128 18 65522 65442
-2.206 7.092 -1.595 0.244 0.215 0.234 18 65522 65442
-2.677 8.502 -5.583 0.664 0.291 0.34 18 65522 65442
-4.279 10.222 0.44 1.023 0.256 0.403 18 65522 65442
5.632 16.673 1.01 0.037 0.189 0.22 18 65522 65442
4.71 11.373 1.265 0.759 0.1 0.158 65530 65512 65466
2.385 1.818 -2.381 0.49 0.06 0.119 65530 65512 65466
0.36 2.899 -2.323 0.111 0.074 0.177 65530 65512 65466
3.041 9.933 0.987 0.14 0.036 0.029 65530 65512 65466
2.64 12.65 -2.112 0.085 0.237 0.304 65530 65512 65466
0.609 9.387 0.949 0.196 0.162 0.174 10 65530 65448
2.225 7.365 0.881 0.235 0.019 0.079 10 65530 65448
1.916 12.485 0.246 0.148 0.129 0.042 10 65530 65448
1.722 7.994 -2.403 0.12 0.212 0.037 10 65530 65448
3.537 6.697 -5.98 0.516 0.131 0.336 10 65530 65448
0.362 3.567 0.906 0.719 0.366 0.567 65533 65523 65467
-8.507 19.612 2.992 0.286 0.923 0.436 65533 65523 65467
-7.001 15.818 -2.24 0.872 0.065 0.366 65533 65523 65467
-2.07 0.073 0.192 -1.068 0.44 0.089 65533 65523 65467
2.564 3.241 -2.43 0.484 0.043 0.244 65533 65523 65467
-3.524 10.748 -1.598 0.165 0.156 0.01 65530 65500 65470
-4.448 13.758 -2.105 0.24 0.125 0.002 65530 65500 65470
-3.343 12.552 0.174 0.08 0.005 0.125 65530 65500 65470
-2.959 8.451 -1.043 0.106 0.007 0.083 65530 65500 65470
-2.454 6.465 -1.742 0.113 0.052 0.015 65530 65500 65470
-1.641 10.874 -1.709 0.035 0.095 0.154 30 65518 65436
-2.899 7.897 -5.303 0.295 0.1 0.375 30 65518 65436
-1.528 14.644 2.664 0.673 0.127 0.384 30 65518 65436
7.052 18.066 4.857 0.124 0.001 0.002 30 65518 65436
5.401 3.427 -1.516 -1.208 0.249 0.31 30 65518 65436
0.153 4.001 -1.74 0.565 0.074 0.169 22 65530 65458
-1.86 8.522 0.416 0.271 0.037 0.139 22 65530 65458
2.721 11.883 0.325 0.4 0.072 0.041 22 65530 65458
2.202 10.567 0.571 0.151 0.29 0.31 22 65530 65458
2.14 8.433 -2.78 0.074 0.441 0.212 22 65530 65458
0.204 11.079 2.245 0.425 0.12 0.057 23 65525 65455
0.66 12.579 0.908 0.388 0.069 0.088 23 65525 65455
0.46 7.089 -2.613 0.335 0.187 0.012 23 65525 65455
3.321 9.671 -4.957 0.653 0.131 0.384 23 65525 65455
3.495 6.821 2.955 0.806 0.31 0.641 23 65525 65455
-5.118 18.722 2.062 0.476 0.551 0.316 3 65513 65471
-5.993 10.765 -2.142 0.686 0.198 0.375 3 65513 65471
-1 5.453 1.618 0.63 0.034 0.03 3 65513 65471
3.236 5.84 -1.654 0.4 0.446 0.362 3 65513 65471
-3.788 12.591 0.511 0.039 0.649 0.034 3 65513 65471
-6.339 15.298 0.969 0.018 0.204 0.111 26 65512 65450
-3.086 7.996 -2.527 0.026 0.392 0.039 26 65512 65450
-1.438 5.206 -2.251 0.151 0.278 0.022 26 65512 65450
-3.649 6.527 -1.48 0.216 0.117 0.158 26 65512 65450
-3.582 4.341 -3.076 0.16 0.198 0.252 26 65512 65450
-2.912 6.045 -6.178 0.455 0.265 0.434 13 65499 65459
-7.26 18.856 5.06 0.858 0.222 0.446 13 65499 65459
4.598 14.767 0.788 0.255 0.046 0.029 13 65499 65459
9.913 6.694 -2.468 0.959 0.273 0.185 13 65499 65459
0.657 6.188 0.07 0.331 0.09 0.276 13 65499 65459
2.068 7.953 0.496 0.21 0.008 0.147 3 65495 65463
1.244 11.414 0.701 0.316 0.104 0.141 3 65495 65463
2.068 11.112 -1.689 0.07 0.483 0.413 3 65495 65463
2.376 12.604 0.647 0.328 0.263 0.223 3 65495 65463
2.328 8.492 -2.279 0.242 0.075 0.026 3 65495 65463
3.418 8.51 -2.639 0.347 0.326 0.036 34 65508 65442
0.804 5.476 -5.474 0.37 0.307 0.018 34 65508 65442
5.013 9.973 -2.631 0.794 0.087 0.369 34 65508 65442
5.201 8.994 0.159 0.668 0.487 0.599 34 65508 65442
-4.323 16.387 0.968 0.31 0.978 0.423 34 65508 65442
-6.825 19.238 0.979 0.395 0.613 0.258 65526 65520 65476
-3.144 6.719 0.107 -1.004 0.262 0.092 65526 65520 65476
3.132 0.019 -2.726 0.635 0.538 0.377 65526 65520 65476
-4.9 10.316 -1.683 0.01 0.802 0.099 65526 65520 65476
-9.257 15.661 -2.833 0.12 0.461 0.007 65526 65520 65476
0.641 9.513 -1.023 0.12 0.253 0.13 7 65505 65457
-1.041 7.212 -1.195 0.146 0.287 0.14 7 65505 65457
-1.18 6.925 -2.215 0.088 0.156 0.005 7 65505 65457
-1.61 9.182 -2.337 0.075 0.031 0.118 7 65505 65457
-2.333 8.3 -4.219 0.217 0.114 0.266 7 65505 65457
-4.582 19.612 6.212 0.482 0.176 0.324 18 65532 65462
4.273 14.897 2.387 0.805 0.09 0.109 18 65532 65462
5.908 4.223 0.496 -1.416 0.146 0.306 18 65532 65462
0.787 5.75 0.562 0.526 0.007 0.131 18 65532 65462
1.03 10.085 1.084 0.305 0.041 0.009 18 65532 65462
2.349 7.107 -3.078 0.457 0.137 0 28 65502 65460
2.29 7.673 0.793 0.065 0.495 0.282 28 65502 65460
4.298 12.199 -1.131 0.292 0.5 0.145 28 65502 65460
1.326 9.448 -1.478 0.46 0.066 0.122 28 65502 65460
2.223 3.299 -3.531 0.36 0.05 0.004 28 65502 65460
3.368 4.778 -3.108 0.59 0.218 0.015 25 65509 65433
6.385 9.706 0.179 0.928 0.049 0.447 25 65509 65433
3.922 6.736 0.073 0.695 0.534 0.557 25 65509 65433
-6.245 19.612 4.839 0.678 0.859 0.303 25 65509 65433
-8.546 15.567 0.95 0.596 0.384 0.359 25 65509 65433
0.616 4.513 1.079 0.824 0.219 0.103 24 65522 65452
0.708 4.254 -2.279 0.342 0.622 0.295 24 65522 65452
-6.16 12.021 -2.015 0.195 0.743 0.008 24 65522 65452
-6.691 14.615 -1.298 0.141 0.128 0.033 24 65522 65452
2.084 8.607 0.033 0.052 0.586 0.1 24 65522 65452
1.021 10.029 0.049 0.052 0.467 0.022 25 65493 65443
-1.374 10.311 -2.209 0.021 0.031 0.055 25 65493 65443
-2.323 9.196 -5.383 0.074 0.242 0.174 25 65493 65443
-3.532 8.71 -4.675 0.508 0.22 0.329 25 65493 65443
0.65 19.612 4.449 0.273 0.041 0.156 25 65493 65443
5.061 9.406 3.051 -1.154 0.31 0.324 5 65507 65469
0.846 5.552 -1.074 0.991 0.363 0.129 5 65507 65469
-1.829 7.575 0.766 0.385 0.219 0.142 5 65507 65469
0.91 8.789 -2.048 0.549 0.04 0.049 5 65507 65469
2.104 8.05 0.107 0.285 0.324 0.09 5 65507 65469
3.348 7.095 -1.333 0.07 0.586 0.231 18 65510 65444
1.434 8.329 0.647 0.338 0.268 0.001 18 65510 65444
3.248 9.457 -1.268 0.498 0.103 0.216 18 65510 65444
3.685 4.374 -4.249 0.33 0.218 0.152 18 65510 65444
1.79 7.933 -5.376 0.695 0.21 0.266 18 65510 65444
5.44 9.29 0.565 1.03 0.095 0.6 14 65532 65448
-6.406 19.612 2.099 0.548 0.755 0.517 14 65532 65448
-2.737 17.524 0.611 0.076 0.464 0.117 14 65532 65448
-5.736 12.781 0.339 0.83 0.075 0.238 14 65532 65448
0.278 4.369 -1.277 0.52 0.21 0.288 14 65532 65448
1.192 7.024 0.882 0.204 0.441 0.204 65533 65497 65479
-8.469 10.941 -4.435 0.021 0.499 0.036 65533 65497 65479
-2.14 9.868 -1.078 0.001 0.116 0.184 65533 65497 65479
2.603 10.733 1.499 0.02 0.447 0.197 65533 65497 65479
-1.758 9.601 0.513 0.002 0.145 0.048 65533 65497 65479
-2.846 7.212 -3.934 0.14 0.115 0.049 16 65524 65454
-1.057 7.547 -4.123 0.11 0.352 0.166 16 65524 65454
-3.719 6.856 -4.056 0.579 0.384 0.305 16 65524 65454
0.231 19.612 3.406 0.422 0.165 0.452 16 65524 65454
1.221 19.612 3.749 0.575 0.399 0.038 16 65524 65454
3.1 9.878 2.007 -1.082 0.124 0.157 65528 65524 65476
0.967 0.482 -1.146 0.616 0.096 0.194 65528 65524 65476
2.199 5.724 0.62 0.126 0.105 0.034 65528 65524 65476
2.285 14.594 -1.942 0.098 0.074 0.098 65528 65524 65476
1.417 9.135 -1.827 0.169 0.075 0.136 65528 65524 65476
1.31 9.728 0.511 0.125 0.067 0.056 5 65511 65459
3.538 7.541 0.785 0.031 0.111 0.126 5 65511 65459
1.272 9.413 0.974 0.018 0.081 0.123 5 65511 65459
0.872 10.427 -4.013 0.196 0.059 0.24 5 65511 65459
-2.1 9.555 0.228 0.61 0.017 0.434 5 65511 65459
-4.52 16.588 2.118 0.148 0.022 0.279 26 65516 65460
-4.637 8.744 -1.034 -1.108 0.582 0.334 26 65516 65460
-6.515 -3.757 -6.543 0.803 0.564 0.218 26 65516 65460
1.379 8.095 0.553 0.116 0.245 0.095 26 65516 65460
-2.566 9.514 0.268 0.323 0.144 0.036 26 65516 65460
-5.337 7.115 -1.777 0.087 0.38 0.071 19 65503 65465
-3.344 7.21 0.978 0.175 0.442 0.212 19 65503 65465
-3.216 9.71 -2.643 0.585 0.3 0.13 19 65503 65465
-3.61 10.103 -1.557 0.713 0.192 0.083 19 65503 65465
-1.811 6.992 -2.803 0.517 0.25 0.248 19 65503 65465
-5.868 4.52 -7.977 0.857 0.508 0.277 36 65524 65450
-3.612 8.365 0.895 1.173 0.177 0.304 36 65524 65450
3.894 19.612 2.298 0.428 0.383 0.349 36 65524 65450
2.612 12.4 0.341 0.34 0.101 0.097 36 65524 65450
3.773 8.121 -1.212 0.215 0.07 0.114 36 65524 65450
-1.181 1.711 -2.42 0.315 0.021 0.086 54 65496 65462
4.794 9.793 -1.829 0.055 0.014 0.019 54 65496 65462
5.673 14.159 -2.092 0.115 0.218 0.132 54 65496 65462
0.678 9.058 -1.739 0.098 0.528 0.001 54 65496 65462
0.858 11.944 0.664 0.151 0.405 0.125 54 65496 65462
-1.139 13.072 -1.016 0.08 0.242 0.217 43 65527 65449
1.209 11.032 -2.743 0.05 0.153 0.273 43 65527 65449
0.559 8.872 -2.627 0.301 0.267 0.347 43 65527 65449
0.817 5.121 -2.754 0.514 0.041 0.455 43 65527 65449
-8.868 14.507 -1.101 0.379 0.197 0.005 43 65527 65449
-3.069 4.191 -2.771 0.851 0.687 0.054 18 65500 65474
0.178 5.019 -2.353 0.468 0.595 0.079 18 65500 65474
-1.371 11.994 -2.768 0.305 0.253 0.063 18 65500 65474
-4.15 6.694 -3.478 0.201 0.256 0.143 18 65500 65474
-2.608 9.761 0.533 0.168 0.272 0.208 31 65503 65457
-3.745 12.428 0.438 0.218 0.098 0.031 31 65503 65457
-4.286 11.676 0.063 0.105 0.117 0.149 31 65503 65457
-1.812 5.316 -5.325 0.016 0.148 0.202 31 65503 65457
-4.475 4.809 -5.42 0.522 0.34 0.322 31 65503 65457
-3.088 8.516 0.616 0.716 0.031 0.488 27 65507 65455
1.789 13.038 -4.182 0.168 0.364 0.321 27 65507 65455
3.009 10.195 0.237 0.877 0.121 0.234 27 65507 65455
1.489 1.711 -1.534 0.606 0.241 0.04 27 65507 65455
1.552 3.918 0.216 0.309 0.412 0.206 27 65507 65455
4.629 12.666 -2.473 0.192 0.116 0.079 15 65499 65465
3.706 11.905 -1.636 0.226 0.027 0.071 15 65499 65465
-1.066 9.39 0.774 0.052 0.213 0.099 15 65499 65465
0.298 11.3 1.235 0.038 0.064 0.089 15 65499 65465
0.608 11.356 0.39 0.02 0.129 0.095 15 65499 65465
4.933 5.935 -3.667 0.032 0.264 0.084 59 65529 65445
2.401 12.114 -2.378 0.437 0.037 0.343 59 65529 65445
-9.656 19.612 1.862 0.655 0.271 0.464 59 65529 65445
-7.882 12.755 0.942 0.318 0.307 0.032 59 65529 65445
-5.039 5.461 -3.622 0.955 0.506 0.404 59 65529 65445
0.65 6.026 0.723 0.479 0.516 0.01 75 65507 65437
0.374 4.647 -2.736 0.582 0.147 0.218 75 65507 65437
-2.955 10.227 0.836 0.225 0.136 0.054 75 65507 65437
-4.419 8.664 0.915 0.151 0.34 0.149 75 65507 65437
-1.842 8.901 -1.734 0.046 0.275 0.261 75 65507 65437
-2.043 13.622 1.049 0.299 0.212 0.104 64 65516 65438
-1.911 11.941 0.592 0.222 0.144 0.07 64 65516 65438
0.259 9.026 0.233 0.141 0.17 0.087 64 65516 65438
-1.182 7.454 -1.983 0.56 0.231 0.207 64 65516 65438
-4.447 9.734 3.416 1.062 0.16 0.371 64 65516 65438
9.725 19.612 1.511 0.42 0.381 0.364 53 65517 65453
4.944 17.624 1.807 0.333 0.012 0.082 53 65517 65453
1.805 2.439 -2.375 0.702 0.034 0.037 53 65517 65453
0.845 1.52 -2.516 0.39 0.283 0.212 53 65517 65453
6.034 10.674 -1.448 0.218 0.267 0.003 53 65517 65453
4.453 13.469 0.035 0.016 0.073 0.123 42 65518 65446
-3.331 10.017 0.122 0.055 0.404 0.027 42 65518 65446
0.452 10.043 1.115 0.028 0.126 0.108 42 65518 65446
1.136 10.901 -1.042 0.076 0.136 0.165 42 65518 65446
1.739 11.434 0.418 0.082 0.26 0.193 42 65518 65446
0.369 12.233 -2.323 0.286 0.122 0.328 35 65529 65461
0.434 17.269 2.7 0.492 0.019 0.326 35 65529 65461
-4.205 8.209 1.072 0.743 0.204 0.209 35 65529 65461
-4.467 4.129 0.604 -1.289 0.724 0.442 35 65529 65461
0.029 12.68 3.677 0.359 0.82 0.069 35 65529 65461
3.535 8.45 -1.857 0.39 0.375 0.064 15 65525 65467
-3.851 11.98 0.29 0.324 0.192 0.053 15 65525 65467
0.484 8.888 0.215 0.184 0.394 0.209 15 65525 65467
-3.224 7.473 -1.571 0.162 0.462 0.254 15 65525 65467
0.057 11.447 0.995 0.456 0.262 0.034 15 65525 65467
-1.094 10.904 0.208 0.477 0.316 0.111 38 65534 65462
-2.129 6.43 -3.928 0.243 0.359 0.113 38 65534 65462
-2.712 6.23 -6.439 0.926 0.491 0.299 38 65534 65462
-2.321 8.168 0.912 1.034 0.091 0.433 38 65534 65462
-2.318 16.299 -2.155 0.166 0.153 0.302 38 65534 65462
2.173 12.264 1.63 0.561 0.199 0.078 27 65511 65469
-1.695 2.758 -1.309 0.3 0.129 0.113 27 65511 65469
1.152 5.526 0.511 0.175 0.272 0.089 27 65511 65469
6.368 13.35 -2.777 0.006 0.084 0.038 27 65511 65469
3.016 11.033 0.523 0.154 0.196 0.041 27 65511 65469
0.861 5.529 -1.28 0.025 0.417 0.08 50 65520 65458
0.496 10.911 0.387 0.124 0.185 0.219 50 65520 65458
0.064 7.948 -2.376 0.017 0.11 0.253 50 65520 65458
3.43 7.073 -4.335 0.005 0.473 0.251 50 65520 65458
2.285 8.795 -3.52 0.503 0.306 0.423 50 65520 65458
0.656 19.48 6.13 0.56 0.026 0.337 38 65520 65474
-6.631 13.197 2.694 0.685 0.239 0.305 38 65520 65474
-5.767 5.17 -1.303 -1.115 0.99 0.364 38 65520 65474
2.931 9.439 0.59 0.359 -1.005 0.007 38 65520 65474
0.314 6.758 -2.685 0.511 0.547 0.006 38 65520 65474
-2.984 11.676 0.854 0.124 0.08 0.12 50 65500 65458
-2.959 6.943 -2.827 0.217 0.3 0.17 50 65500 65458
0.269 8.881 0.852 0.514 0.221 0.012 50 65500 65458
-4.898 9.569 0.573 0.371 0.254 0.188 50 65500 65458
-1.144 5.043 -6.44 0.282 0.291 0.191 46 0 65462
-4.285 9.685 -1.602 0.873 0.39 0.283 46 0 65462
-4.316 13.263 3.907 0.898 0.037 0.381 46 0 65462
-1.089 19.612 0.434 0.101 0.224 0.254 46 0 65462
-1.999 4.715 0.146 0.382 0.144 0.091 56 65530 65460
3.155 5.826 -1.25 0.294 0.242 0.065 56 65530 65460
4.557 14.253 0.845 0.02 0.037 0.032 56 65530 65460
2.876 12.771 -1.274 0.109 0.216 0.099 56 65530 65460
0.119 8.015 0.769 0.096 0.284 0.049 56 65530 65460
0.002 9.093 -1.122 0.009 0.013 0.155 50 0 65460
1.236 8.863 -1.684 0.109 0.175 0.233 50 0 65460
3.42 8.441 -3.596 0.094 0.369 0.276 50 0 65460
2.237 9.419 -3.526 0.347 0.231 0.445 50 0 65460
1.783 19.612 3.77 0.475 0.027 0.426 50 0 65460
-6.839 9.331 -1.203 0.784 0.188 0.188 38 65514 65474
-5.942 3.11 0.986 -1.223 0.856 0.363 38 65514 65474
0.602 14.854 1.501 0.319 0.851 0.001 38 65514 65474
0.975 7.271 -2.58 0.425 0.462 0.063 38 65514 65474
-3.841 11.575 -1.38 0.157 0.027 0.053 38 65514 65474
-1.813 7.206 0.215 0.1 0.342 0.208 56 65522 65460
-2.954 7.055 -2.203 0.232 0.389 0.255 56 65522 65460
-1.152 9.463 -1.449 0.532 0.237 0.051 56 65522 65460
-4.52 8.036 -2.209 0.357 0.23 0.135 56 65522 65460
-1.607 7.669 -4.023 0.288 0.255 0.167 56 65522 65460
-6.9 10.145 -2.618 0.985 0.456 0.245 75 5 65461
-2.908 14.009 1.564 0.903 0.012 0.399 75 5 65461
-4.576 19.612 0.828 0.148 0.313 0.391 75 5 65461
3.313 12.641 0.087 0.521 0.11 0.023 75 5 65461
-1.407 7.05 0.351 0.331 0.227 0.12 75 5 65461
1.086 6.696 0.517 0.283 0.205 0.096 65 65509 65465
4.405 11.733 -1.478 0.1 0.033 0.041 65 65509 65465
5.516 13.067 -1.839 0.08 0.198 0.03 65 65509 65465
2.275 6.663 -1.675 0.17 0.373 0.093 65 65509 65465
1.058 9.521 0.172 0.035 0.211 0.214 65 65509 65465
1.574 10.364 -1.035 0.148 0.132 0.333 33 65525 65481
2.109 9.538 -2.71 0.133 0.045 0.424 33 65525 65481
1.215 9.707 -4.837 0.208 0.129 0.53 33 65525 65481
-2.121 19.455 4.589 0.119 0.206 0.3 33 65525 65481
-3.77 5.834 0.536 -1.299 0.512 0.308 33 65525 65481
-11.314 1.288 -4.565 -1.2 0.74 0.212 50 65528 65452
5.057 7.186 0.243 0.084 0.789 0.024 50 65528 65452
-1.304 8.179 -4.317 0.446 0.27 0.033 50 65528 65452
-3.002 7.989 0.26 0.372 0.138 0.046 50 65528 65452
-3.989 7.226 -1.795 0.065 0.478 0.273 50 65528 65452
-3.087 7.003 -1.108 0.398 0.427 0.223 55 7 65471
0.288 8.842 0.554 0.626 0.253 0.037 55 7 65471
-1.732 5.695 0.513 0.479 0.288 0.116 55 7 65471
1.687 9.601 -3.61 0.525 0.417 0.222 55 7 65471
-4.04 7.119 -2.062 1.203 0.661 0.397 55 7 65471
0.578 8.798 0.484 0.771 0.058 0.519 46 65516 65472
0.12 19.612 0.578 0.285 0.442 0.545 46 65516 65472
4.997 13.31 0.857 0.367 0.395 0.092 46 65516 65472
0.246 4.146 -1.79 0.355 0.266 0.153 46 65516 65472
1.363 4.448 -1.298 0.174 0.154 0.086 46 65516 65472
4.959 14.04 -1.893 0.143 0.07 0.074 48 65508 65474
2.474 14.419 0.189 0.023 0.233 0.004 48 65508 65474
0.333 9.512 0.36 0.09 0.474 0.094 48 65508 65474
0.025 9.145 -1.017 0.059 0.431 0.205 48 65508 65474
0.963 9.482 -1.471 0.031 0.242 0.316 48 65508 65474
0.237 11.84 -1.859 0.052 0.089 0.455 16 65516 65480
1.219 15.28 -2.718 0.394 0.18 0.512 16 65516 65480
-2.406 19.612 5.355 0.305 0.029 0.32 16 65516 65480
-6.603 2.032 -1.514 -1.155 0.338 0.311 16 65516 65480
-7.164 0.986 -2.3 -1.099 0.658 0.241 16 65516 65480
1.364 8.151 0.763 0.324 0.733 0.031 19 65529 65473
0.946 8.396 -1.857 0.502 0.264 0.005 19 65529 65473
-2.949 8.578 -1.865 0.434 0.175 0.005 19 65529 65473
-3.939 7.435 0.045 0.064 0.466 0.267 19 65529 65473
-1.237 10.714 0.05 0.155 0.398 0.213 19 65529 65473
-1.918 14.17 0.392 0.44 0.442 0.055 26 65528 65480
-3.252 12.48 0.18 0.241 0.358 0.144 26 65528 65480
0.458 7.152 -6.088 0.32 0.316 0.23 26 65528 65480
-6.042 8.111 -1.398 0.92 0.425 0.427 26 65528 65480
-3.221 4.501 -1.222 0.853 0.143 0.622 26 65528 65480
0.839 19.612 1.392 0.411 0.521 0.569 54 65530 65454
7.562 11.577 -2.523 0.599 0.38 0.012 54 65530 65454
0.11 4.539 0.251 0.486 0.264 0.175 54 65530 65454
0.617 3.922 -1.601 0.235 0.324 0.172 54 65530 65454
4.935 11.956 -1.264 0.056 0.171 0.022 54 65530 65454
1.86 14.756 1.102 0.046 0.233 0.019 8 65518 65472
0.272 10.748 0.246 0.115 0.438 0.023 8 65518 65472
0.361 9.905 0.063 0.121 0.304 0.065 8 65518 65472
1.248 9.326 -1.449 0.076 0.163 0.166 8 65518 65472
1.195 9.531 -1.959 0.114 0.068 0.293 8 65518 65472
1.223 13.972 -1.741 0.16 0.056 0.412 30 65512 65468
0.731 16.519 3.828 0.425 0.015 0.436 30 65512 65468
-5.377 14.648 1.771 0.597 0.164 0.083 30 65512 65468
-7.308 1.522 -4.501 -1.267 0.5 0.349 30 65512 65468
0.239 5.076 0.95 0.359 0.406 0.006 30 65512 65468
0.857 3.539 -4.12 0.381 0.235 0.113 16 65522 65476
-2.802 9.655 -1.347 0.13 0.054 0.024 16 65522 65476
-3.888 10.257 0.307 0.019 0.485 0.191 16 65522 65476
-4.011 10.235 -2.031 0.36 0.44 0.251 16 65522 65476
-1.832 11.687 0.805 0.512 0.219 0.103 16 65522 65476
-1.619 10.946 0.684 0.329 0.159 0.108 29 65531 65489
0.647 10.289 -5.601 0.557 0.268 0.216 29 65531 65489
-4.936 7.894 0.396 1.158 0.516 0.28 29 65531 65489
-2.516 5.947 0.398 0.747 0.179 0.435 29 65531 65489
-2.62 19.612 -1.814 0.243 0.593 0.47 29 65531 65489
4.881 15.798 0.257 0.314 0.723 0.08 2 65524 65482
1.367 3.287 -2.06 0.335 0.379 0.13 2 65524 65482
1 2.221 -2.991 0.282 0.258 0.085 2 65524 65482
6.019 11.405 0.914 0.174 0.177 0.01 2 65524 65482
-2.331 11.945 0.931 0.179 0.23 0.099 2 65524 65482
2.345 10.233 -1.072 0.01 0.22 0.025 34 65522 65464
1.449 9.129 0.523 0.023 0.245 0.06 34 65522 65464
0.14 12.245 -1.285 0.133 0.302 0.194 34 65522 65464
2.999 7.787 -5.181 0.046 0.116 0.311 34 65522 65464
2.864 9.229 -2.608 0.373 0.061 0.378 34 65522 65464
-3.569 17.362 3.367 0.268 0.36 0.381 29 65517 65473
-7.945 11.043 0.298 -1.193 0.005 0.269 29 65517 65473
-5.023 3.509 -1.529 -1.453 0.416 0.274 29 65517 65473
1.248 3.712 0.278 0.528 0.481 0.015 29 65517 65473
1.381 6.55 -2.155 0.494 0.33 0.001 29 65517 65473
-3.925 9.548 -2.521 0.36 0.152 0.068 25 65531 65455
-4.019 7.747 -1.247 0.062 0.445 0.166 25 65531 65455
-1.83 12.697 0.409 0.194 0.232 0.131 25 65531 65455
-1.215 10.769 1.097 0.325 0.19 0.049 25 65531 65455
-4.22 4.456 -2.096 0.052 0.219 0.177 25 65531 65455
-1.254 8.871 -5.513 0.293 0.213 0.235 40 10 65490
-3.483 8.565 -1.753 0.913 0.25 0.383 40 10 65490
0.984 8.457 0.043 0.821 0.214 0.507 40 10 65490
3.779 19.612 3.185 0.04 0.308 0.25 40 10 65490
4.949 5.912 -1.592 0.761 0.028 0.094 40 10 65490
0.855 1.447 0.574 0.375 0.343 0.19 50 4 65466
2.47 4.074 0.538 0.171 0.357 0.102 50 4 65466
4.305 13.864 0.87 0.033 0.088 0.021 50 4 65466
3.222 12.386 -1.033 0.046 0.08 0.212 50 4 65466
1.74 7.575 0.717 0.003 0.211 0.031 50 4 65466
1.333 10.256 -1.714 0.027 0.023 0.07 41 13 65471
1.493 11.936 0.905 0.013 0.182 0.036 41 13 65471
2.567 6.855 -6.621 0.083 0.249 0.114 41 13 65471
5.787 4.578 -3.213 0.567 0.037 0.397 41 13 65471
0.143 9.094 0.687 0.382 0.409 0.417 41 13 65471
-6.953 19.612 4.851 0.512 0.103 0.222 5 1 65487
-5.191 2.956 -2.387 -1.314 0.581 0.324 5 1 65487
3.052 7.947 2.675 0.376 0.412 0.086 5 1 65487
0.574 6.403 -2.027 0.454 0.147 0.03 5 1 65487
-5.57 10.399 -1.781 0.039 0.168 0.063 5 1 65487
-3.47 7.556 -2.997 0.014 0.32 0.148 24 65530 65458
0.942 8.597 0.29 0.166 0.217 0.135 24 65530 65458
-2.343 7.353 -1.128 0.35 0.274 0.034 24 65530 65458
-4.525 6.977 -2.303 0.172 0.153 0.195 24 65530 65458
0.945 7.358 -6.262 0.243 0.122 0.291 24 65530 65458
-3.122 3.063 -3.66 0.865 0.279 0.41 23 65517 65487
-1.073 10.764 0.169 0.822 0.059 0.391 23 65517 65487
2.977 19.612 1.941 0.336 0.021 0.027 23 65517 65487
2.566 7.57 0.62 0.784 0.148 0.267 23 65517 65487
0.355 5.301 0.533 0.274 0.125 0.113 23 65517 65487
1.999 5.907 0.705 0.227 0.088 0.006 1 65519 65477
3.485 11.83 -3.178 0.148 0.079 0.002 1 65519 65477
2.984 9.969 -1.204 0.035 0.21 0.201 1 65519 65477
0.758 8.631 0.627 0.235 0.011 0.02 1 65519 65477
1.43 8.844 -1.714 0.183 0.002 0.148 1 65519 65477
3.163 6.696 -4.006 0.118 0.196 0.066 53 3 65469
2.716 9.409 -4.88 0.268 0.244 0.112 53 3 65469
2.913 9.925 0.539 0.618 0.057 0.478 53 3 65469
-2.677 12.611 0.42 0.183 0.684 0.546 53 3 65469
-4.441 18.741 0.016 0.173 0.411 0.093 53 3 65469
-7.126 9.672 1.009 -1.176 0.29 0.313 24 65526 65458
1.671 1.613 -1.55 0.633 0.084 0.196 24 65526 65458
-1.364 5.06 -2.559 0.192 0.111 0.143 24 65526 65458
-7.758 11.98 -2.359 0.193 0.226 0.056 24 65526 65458
-4.934 9.665 0.891 0.148 0.031 0.105 24 65526 65458
0.824 5.091 -1.519 0.107 0.21 0.187 10 65524 65472
-1.234 7.252 -2.805 0.016 0.097 0.034 10 65524 65472
0.316 5.17 -2.398 0.047 0.157 0.048 10 65524 65472
-3.168 5.481 -4.406 0.261 0.32 0.207 10 65524 65472
-2.547 5.869 -2.805 0.909 0.19 0.264 10 65524 65472
-2.425 11.832 0.087 0.52 0.145 0.401 11 3 65473
0.96 18.908 2.592 0.36 0.231 0.066 11 3 65473
2.481 10.054 -1.124 0.918 0.051 0.072 11 3 65473
0.168 2.819 0.283 0.655 0.071 0.055 11 3 65473
1.741 8.098 0.502 0.231 0.043 0.053 11 3 65473
-1.307 14.864 0.45 0.219 0.019 0.171 65527 65535 65481
0.435 10.583 0.362 0.045 0.355 0.103 65527 65535 65481
0.191 9.211 1.199 0.14 0.212 0.031 65527 65535 65481
2.67 5.72 -2.103 0.042 0.151 0.162 65527 65535 65481
3.098 5.632 -3.46 0.112 0.128 0.175 65527 65535 65481
5.103 8.78 -5.039 0.38 0.101 0.229 65515 1 65503
-5.7 8.008 0.068 0.416 0.498 0.414 65515 1 65503
-4.854 19.612 4.048 0.296 0.003 0.393 65515 1 65503
0.351 5.475 -1.887 -1.101 0.428 0.197 65515 1 65503
2.311 3.944 -2.523 0.582 0.216 0.306 65526 65534 65490
-1.641 6.951 -1.634 0.312 0.041 0.029 65526 65534 65490
-6.554 9.178 -1.246 0.17 0.259 0.067 65526 65534 65490
-2.582 10.274 -1.203 0.057 0.267 0.203 65526 65534 65490
-1.908 6.436 -1.678 0.136 0.068 0.002 1 65519 65499
-1.996 0.828 -4.528 0.058 0.171 0.063 1 65519 65499
-2.069 6.718 -5.76 0.361 0.218 0.254 1 65519 65499
-3.603 7.17 1.368 0.893 0.168 0.338 1 65519 65499
-3.195 19.612 4.353 0.478 0.35 0.281 1 65519 65499
6.98 19.505 1.677 0.476 0.178 0.052 37 65535 65469
-1.604 6.555 -2.416 0.975 0.068 0.104 37 65535 65469
0.041 0.6 -2.337 0.708 0.258 0.141 37 65535 65469
3.086 8.14 0.254 0.177 0.203 0.028 37 65535 65469
2.977 14.806 0.191 0.225 0.177 0.099 37 65535 65469
-2.472 7.448 0.096 0.381 0.33 0.009 20 65530 65470
0.372 6.348 0.077 0.203 0.065 0.106 20 65530 65470
2.765 9.458 -1.017 0.154 0.325 0.202 20 65530 65470
1.736 7.224 -2.671 0.142 0.271 0.278 20 65530 65470
0.968 4.401 -6.548 0.087 0.19 0.333 20 65530 65470
0.337 13.049 3.335 0.411 0.056 0.325 38 18 65474
-3.537 15.144 6.119 0.428 0.314 0.127 38 18 65474
-3.26 6.461 -1.102 -1.122 0.769 0.424 38 18 65474
3.278 6.074 0.606 0.538 -1.04 0.141 38 18 65474
4.241 11.173 0.002 0.291 0.493 0.056 38 18 65474
-1.962 8.626 0.008 0.202 0.185 0.06 15 13 65475
-1.531 10.578 0.854 0.038 0.424 0.237 15 13 65475
-3.129 6.861 -2.206 0.356 0.512 0.227 15 13 65475
0.207 8.202 -2.73 0.751 0.326 0.008 15 13 65475
0.289 11.319 0.217 0.741 0.35 0.087 15 13 65475
-1.74 1.318 -7.088 0.492 0.379 0.163 19 65525 65479
-6.308 8.836 -5.057 1.179 0.425 0.328 19 65525 65479
-3.525 8.394 0.817 1.167 0.111 0.473 19 65525 65479
11.077 16.497 0.985 0.627 0.319 0.356 19 65525 65479
3.089 7.491 -3.539 0.646 0.251 0.017 19 65525 65479
-2.281 0.313 -3.122 0.569 0.055 0.129 6 65516 65470
1.034 5.261 -1.13 0.231 0.49 0.087 6 65516 65470
6.475 10.049 0.04 0.042 0.3 0.015 6 65516 65470
3.412 11.647 0.961 0.019 0.293 0.049 6 65516 65470
-2.841 7.844 -1.029 0.103 0.572 0.157 6 65516 65470
0.165 9.26 0.005 0.093 0.048 0.255 19 65521 65469
0.92 12.224 0.033 0.086 0.311 0.334 19 65521 65469
1.953 12.35 -1.575 0.019 0.419 0.362 19 65521 65469
3.099 16.195 -1.616 0.47 0.332 0.438 19 65521 65469
-6.46 15.656 4.067 0.438 0.061 0.244 19 65521 65469
-8.844 7.924 -2.729 0.607 0.288 0.402 4 4 65462
-6.566 8.372 0.487 -1.136 0.987 0.383 4 4 65462
4.28 0.592 -3.056 0.646 -1.118 0.141 4 4 65462
-3.207 8.435 -1.295 0.46 0.436 0.183 4 4 65462
-2.218 11.241 0.051 0.274 0.018 0.079 4 4 65462
-2.608 7.587 -1.578 0.005 0.266 0.241 65529 65535 65471
-2.873 9.239 0.49 0.245 0.332 0.174 65529 65535 65471
0.463 11.919 -1.265 0.506 0.249 0.01 65529 65535 65471
-2.628 9.03 0.656 0.499 0.288 0.124 65529 65535 65471
-2.366 9.498 -4.005 0.455 0.335 0.255 65529 65535 65471
-4.872 5.869 -5.246 0.918 0.489 0.469 65520 2 65476
0.67 4.363 0.851 0.981 0.107 0.612 65520 2 65476
0.497 19.612 -1.255 0.625 0.265 0.421 65520 2 65476
4.304 12.678 -2.908 0.418 0.1 0.026 65520 2 65476
0.741 2.865 -1.363 0.522 0.013 0.185 65520 2 65476
0.615 3.897 -3.053 0.375 0.227 0.108 65533 1 65453
4.361 10.555 0.293 0.057 0.115 0.063 65533 1 65453
5.864 11.836 -1.51 0.048 0.376 0.011 65533 1 65453
1.701 7.34 -2.41 0.23 0.656 0.079 65533 1 65453
0.138 8.705 0.541 0.129 0.319 0.152 65533 1 65453
0.435 11.938 0.38 0.096 0 0.256 8 65524 65454
2.732 9.806 -2.458 0.135 0.232 0.347 8 65524 65454
5.577 2.075 -6.71 0.075 0.229 0.381 8 65524 65454
0.203 13.803 0.612 0.466 0.038 0.435 8 65524 65454
-5.606 19.612 5.305 0.288 0.12 0.002 8 65524 65454
-9.328 2.958 -3.226 -1.321 0.636 0.454 8 8 65440
-1.6 2.124 -4.211 0.885 0.764 0.093 8 8 65440
1.983 4.162 -1.958 0.44 0.576 0.09 8 8 65440
-1.672 9.424 0.513 0.142 0.166 0.14 8 8 65440
-3.509 10.819 0.59 0.109 0.277 0.249 8 8 65440
-3.002 10.631 0.301 0.198 0.352 0.215 65533 11 65459
-1.248 12.546 -1.124 0.382 0.287 0.075 65533 11 65459
-3.108 12.586 0.254 0.492 0.34 0.048 65533 11 65459
-3.113 5.152 -5.468 0.899 0.249 0.296 65533 11 65459
-4.643 6.411 0.578 0.989 0.06 0.518 65524 26 65476
2.296 13.839 -1.218 0.588 0.736 0.49 65524 26 65476
1.748 17.153 0.397 0.096 0.6 0.232 65524 26 65476
3.439 9.328 -2.851 0.537 0.479 0.092 65524 26 65476
0.114 0.402 -2.489 0.43 0.389 0.213 65524 26 65476
4.739 8.198 -3.479 0.013 0.386 0.055 21 5 65451
6.542 12.951 -2.036 0.162 0.001 0.129 21 5 65451
1.817 13.469 0.044 0.077 0.311 0.13 21 5 65451
0.798 9.236 0.913 0.142 0.159 0.007 21 5 65451
0.606 9.883 -2.761 0.172 0.124 0.116 21 5 65451
2.717 8.991 -2.155 0.19 0.017 0.208 65521 1 65463
0.995 6.397 -4.958 0.083 0.031 0.281 65521 1 65463
2.055 7.977 0.051 0.503 0.2 0.417 65521 1 65463
-4.104 14.603 0.306 0.019 0.547 0.325 65521 1 65463
-4.489 3.207 -3.851 -1.483 0.528 0.16 65529 17 65443
2.966 5.755 -1.171 0.609 0.489 0.261 65529 17 65443
-3.051 10.365 -1.095 0.35 0.286 0.145 65529 17 65443
-3.718 10.679 -2.279 0.33 0.084 0.011 65529 17 65443
-1.454 6.947 -1.829 0.147 0.238 0.181 65529 17 65443
-1.835 10.627 0.851 0.133 0.154 0.068 65498 22 65474
-1.236 6.177 0.805 0.026 0.122 0.051 65498 22 65474
-3.165 11.549 -1.606 0.069 0.204 0.146 65498 22 65474
-1.606 6.827 -5.398 0.444 0.132 0.284 65498 22 65474
-4.367 7.65 0.196 0.803 0.012 0.427 65498 22 65474
0.763 16.583 2.378 0.437 0.248 0.226 65522 2 65456
4.104 14.563 0.559 0.647 0.219 0.303 65522 2 65456
-1.796 1.673 -3.059 0.904 0.189 0.027 65522 2 65456
0.997 4.393 0.3 0.498 0.245 0.197 65522 2 65456
6.379 11.802 1.667 0.155 0.29 0.011 65522 2 65456
1.935 12.191 -1.058 0.195 0.095 0.166 65506 6 65456
0.424 9.425 -1.338 0.032 0.06 0.124 65506 6 65456
2.036 11.614 0.928 0.219 0.021 0.064 65506 6 65456
3.181 10.157 0.644 0.221 0.157 0.075 65506 6 65456
1.867 8.603 -1.423 0.191 0.119 0.053 65506 6 65456
1.814 10.092 -3.94 0.416 0 0.294 65501 27 65473
2.871 12.111 2.876 0.668 0.279 0.513 65501 27 65473
-4.697 19.612 3.997 0.118 0.333 0.153 65501 27 65473
-6.278 9.216 -1.304 0.808 0.426 0.513 65501 27 65473
1.335 5.714 1.297 0.608 0.41 0.072 65501 27 65473
1.302 7.631 -1.094 0.316 0.038 0.249 65492 18 65462
-5.864 10.287 0.07 0.266 0.252 0.052 65492 18 65462
-4.571 7.773 -1.889 0.081 0.322 0.087 65492 18 65462
-3.641 5.615 -2.577 0.138 0.099 0.157 65492 18 65462
-2.13 10.959 -1.261 0.396 0.007 0.102 65492 18 65462
-1.646 10.687 0.52 0.388 0.144 0.07 65509 19 65459
-1.222 9.728 -3.428 0.276 0.255 0.2 65509 19 65459
-3.223 7.178 -6.139 0.629 0.351 0.288 65509 19 65459
-3.135 8.032 2.243 1.074 0.213 0.377 65509 19 65459
2.284 19.612 6.404 0.496 0.149 0.228 65509 19 65459
7.594 16.015 -2.517 0.395 0.19 0.213 65521 65533 65435
-3.991 3.955 -1.513 0.623 0.206 0.123 65521 65533 65435
1.502 1.989 0.866 0.483 0.174 0.171 65521 65533 65435
1.568 14.802 2.055 0.046 0.001 0.024 65521 65533 65435
2.968 13.327 -2.261 0.092 0.105 0.1 65521 65533 65435
-1.284 5.561 -1.748 0.094 0.23 0.029 65520 6 65430
1.284 7.381 -1.139 0.033 0.027 0.141 65520 6 65430
2.34 9.496 -2.164 0.002 0.223 0.142 65520 6 65430
2.384 8.639 -3.147 0.038 0.278 0.124 65520 6 65430
0.867 7.495 -5.711 0.257 0.15 0.341 65520 6 65430
-4.559 15.242 2.13 0.557 0.079 0.467 65512 6 65446
-6.962 14.514 1.355 0.279 0.012 0.051 65512 6 65446
-8.134 7.011 -2.902 -1.177 0.701 0.541 65512 6 65446
0.821 6.862 0.735 0.581 0.823 0.004 65512 6 65446
0.129 6.132 -2.766 0.385 0.497 0.055 65512 6 65446
-3.882 9.21 -1.395 0.317 0.13 0.131 4 0 65410
-3.719 9.386 0.635 0.04 0.162 0.098 4 0 65410
-1.499 7.903 -2.042 0.22 0.168 0.135 4 0 65410
-1.449 10.705 0.556 0.463 0.155 0.023 4 0 65410
-1.841 8.08 0.671 0.234 0.213 0.158 4 0 65410
-1.42 9.761 -4.383 0.308 0.356 0.23 65513 31 65445
-3.598 5.538 -4.219 0.958 0.378 0.332 65513 31 65445
0.081 8.467 -1.889 0.817 0.029 0.314 65513 31 65445
6.173 17.163 1.146 0.033 0.102 0.14 65513 31 65445
3.896 11.055 0.07 0.646 0.358 0.194 65513 31 65445
-2.316 1.398 -1.878 0.532 0.032 0.084 65526 24 65430
1.533 4.631 -2.823 0.134 0.264 0 65526 24 65430
3.438 10.886 -1.96 0.242 0.125 0.027 65526 24 65430
3.78 13.894 0.591 0.021 0.168 0.124 65526 24 65430
0.638 6.406 -1.934 0 0.114 0.045 65526 24 65430
2.445 7.595 -2.894 0.098 0.105 0.129 65532 32 65438
2.998 7.267 -2.582 0.108 0.313 0.146 65532 32 65438
2.711 8.845 -3.228 0.178 0.354 0.173 65532 32 65438
1.511 11.749 -1.881 0.637 0.017 0.403 65532 32 65438
1.774 17.171 2.282 0.668 0.399 0.528 65532 32 65438
-3.538 18.44 2.586 0.217 0.284 0.023 65519 15 65429
-4.466 10.696 -1.707 -1.088 0.58 0.462 65519 15 65429
0.573 7.923 0.758 0.667 0.466 0.007 65519 15 65429
2.469 5.06 -1.094 0.641 0.237 0.175 65519 15 65429
-3.545 11.464 0.401 0.204 0.108 0.063 65519 15 65429
-3.215 13.413 0.153 0.1 0.324 0.117 9 23 65407
-2.158 10.778 0.131 0.043 0.198 0.176 9 23 65407
-2.068 9.315 -1.343 0.128 0.181 0.057 9 23 65407
-2.918 7.557 -2.011 0.156 0.184 0.029 9 23 65407
-3.793 8.483 -4.678 0.17 0.064 0.173 9 23 65407
-2.418 8.865 -4.115 0.576 0.045 0.334 9 5 65429
-2.671 7.404 0.924 0.919 0.008 0.404 9 5 65429
6.685 19.612 4.944 0.244 0.311 0.206 9 5 65429
8.508 13.966 0.165 0.808 0.075 0.274 9 5 65429
-1.929 3.221 -1.692 0.775 0.051 0.158 9 5 65429
1.963 2.203 -2.68 0.321 0.217 0.222 65517 65535 65427
3.608 9.755 -1.879 0.117 0.099 0.036 65517 65535 65427
2.797 13.673 -1.446 0.012 0.236 0.247 65517 65535 65427
0.248 8.452 0.253 0.087 0.04 0.09 65517 65535 65427
0.361 7.074 0.656 0.171 0.055 0.071 65517 65535 65427
1.754 7.772 -2.592 0.173 0.215 0.03 19 27 65427
2.31 7.311 -3.807 0.211 0.219 0.091 19 27 65427
2.953 12.823 -2.244 0.621 0.024 0.365 19 27 65427
-8.074 14.72 2.138 0.768 0.419 0.489 19 27 65427
-3.886 19.612 3.535 0.029 0.431 0.089 19 27 65427
-2.896 8.249 -2.395 0.935 0.462 0.503 65519 15 65427
0.371 1.465 -4.064 0.838 0.495 0.033 65519 15 65427
2.917 4.803 0.841 0.468 0.217 0.148 65519 15 65427
-3.788 8.904 -1.237 0.104 0.121 0.133 65519 15 65427
-4.908 12.489 0.928 0.064 0.225 0.093 65519 15 65427
0.152 11.76 0.246 0.157 0.002 0.123 65530 8 65428
1.783 13.402 1.418 0.282 0.105 0.04 65530 8 65428
-2.936 10.144 0.964 0.237 0.222 0.043 65530 8 65428
-2.462 10.94 -4.732 0.262 0.211 0.197 65530 8 65428
-2.026 6.95 -2.95 0.834 0.253 0.348 65530 8 65428
0.447 9.283 2.312 0.891 0.01 0.291 65511 27 65433
7.177 19.612 6.691 0.027 0.231 0.09 65511 27 65433
1.94 10.682 0.835 0.788 0.15 0.269 65511 27 65433
-1.479 3.646 -2.408 0.541 0.017 0.215 65511 27 65433
1.309 5.656 0.068 0.232 0.062 0.098 65511 27 65433
4.386 13.373 -2.591 0.073 0.063 0.037 7 33 65419
4.806 12.841 -1.206 0.078 0.023 0.164 7 33 65419
0.395 7.583 0.495 0.065 0.122 0.041 7 33 65419
0.465 8.066 -1.138 0.049 0.082 0.147 7 33 65419
3.339 7.831 -2.772 0.086 0.238 0.098 7 33 65419
5.655 7.843 -4.507 0.012 0.28 0.163 32 24 65422
2.704 5.799 -4.623 0.396 0.067 0.49 32 24 65422
0.717 16.017 2.784 0.315 0.277 0.46 32 24 65422
-6.575 15.172 2.698 0.531 0.174 0.232 32 24 65422
-6.18 6.977 -3.734 -1.224 0.738 0.425 32 24 65422
1.218 3.069 -1.734 0.728 0.605 0.122 16 20 65418
-1.29 4.814 0.399 0.38 0.203 0.053 16 20 65418
-5.069 10.506 -1.189 0.075 0.179 0.037 16 20 65418
-2.225 8.087 0.456 0.101 0.215 0.197 16 20 65418
0.125 11.137 0.478 0.253 0.149 0.184 16 20 65418
-2.346 12.617 0.203 0.51 0.165 0.07 18 24 65420
-2.731 9.24 0.415 0.402 0.223 0.096 18 24 65420
-1.607 11.417 -3.775 0.604 0.275 0.23 18 24 65420
-2.807 9.434 2.257 1.124 0.404 0.233 18 24 65420
-3.081 8.66 1.471 0.7 0.229 0.313 18 24 65420
1.152 19.612 0.272 0.186 0.483 0.216 65509 19 65439
5.62 9.674 -2.419 0.543 0.351 0.009 65509 19 65439
-1.023 2.786 -1.663 0.439 0.261 0.162 65509 19 65439
1.602 4.695 -2.578 0.284 0.286 0.065 65509 19 65439
3.865 9.643 0.155 0.164 0.028 0.089 65509 19 65439
0.876 14.672 0.104 0.179 0.292 0.166 11 19 65403
2.183 10.032 0.696 0.044 0.199 0.084 11 19 65403
1.132 10.363 -1.549 0.208 0.192 0.036 11 19 65403
2.197 12.358 -1.553 0.245 0.123 0.179 11 19 65403
3.223 6.655 -4.32 0.129 0.007 0.212 11 19 65403
3.722 10.035 -2.437 0.256 0.059 0.349 20 46 65422
0.289 13.859 3.129 0.178 0.5 0.46 20 46 65422
-7.53 14.527 0.92 0.664 0.239 0.272 20 46 65422
-4.521 3.75 -5.092 -1.585 0.619 0.388 20 46 65422
3.362 0.611 -3.314 -1.326 0.564 0.135 20 46 65422
-1.4 3.336 -1.294 0.692 0.485 0.031 65521 37 65435
-2.106 12.728 0.015 0.278 0.237 0.112 65521 37 65435
-2.893 9.876 0.052 0.175 0.105 0.131 65521 37 65435
1.017 10.354 0.59 0.069 0.074 0.109 65521 37 65435
0.408 11.155 1.565 0.052 0.088 0.021 65521 37 65435
0.768 6.919 -1.711 0.1 0.161 0.088 18 18 65450
0.713 8.546 -5.237 0.175 0.187 0.264 18 18 65450
0.729 6.994 0.144 0.654 0.202 0.339 18 18 65450
3.192 17.665 5.767 0.232 0.014 0.115 18 18 65450
3.253 4.645 0.202 0.942 0.444 0.336 18 18 65450
-1.757 2.159 -5.464 0.977 0.302 0.114 14 36 65434
0.575 5.589 0.3 0.328 0.299 0.167 14 36 65434
2.576 7.815 1.134 0.275 0.506 0.105 14 36 65434
2.738 11.408 0.332 0.267 0.268 0.168 14 36 65434
1.435 8.194 0.393 0.002 0.142 0.081 14 36 65434
0.181 10.866 2.159 0.451 0.051 0.156 17 15 65447
0.535 12.454 0.434 0.433 0 0.223 17 15 65447
2.497 9.561 0.409 0.399 0.191 0.162 17 15 65447
-1.015 9.193 -4.521 0.615 0.055 0.343 17 15 65447
0.908 15.662 3.286 0.933 0.114 0.564 17 15 65447
-6.641 8.783 0.727 0.223 0.021 0.116 65525 47 65441
-4.492 6.108 -1.176 0.392 0.593 0.427 65525 47 65441
0.563 5.57 -2.802 0.512 0.47 0.151 65525 47 65441
0.252 7.271 0.149 0.279 0.073 0.293 65525 47 65441
-6.982 5.615 0.581 0.072 0.348 0.058 65525 47 65441